1	153	3819	wisconsin
2	829	338	washington
3	704	418	texas
4	1450	254	cornell
5	2768	107	washington
6	783	2294	washington
7	2660	2713	washington
8	3575	888	wisconsin
9	1858	1861	texas
10	3916	3674	wisconsin
11	3545	969	wisconsin
12	1719	295	texas
13	180	375	wisconsin
14	2661	2713	washington
15	3210	3532	wisconsin
16	2027	672	texas
17	721	312	texas
18	661	1639	texas
19	963	376	wisconsin
20	2320	831	washington
21	1681	1679	texas
22	2917	322	washington
23	452	946	wisconsin
24	2912	839	washington
25	3666	3916	wisconsin
26	1719	298	texas
27	1387	263	cornell
28	2713	794	washington
29	2653	2719	washington
30	56	1862	texas
31	3575	991	wisconsin
32	2320	801	washington
33	2320	740	washington
34	960	3266	wisconsin
35	1236	554	cornell
36	3269	939	wisconsin
37	223	962	wisconsin
38	370	3372	wisconsin
39	1295	482	cornell
40	2320	844	washington
41	3584	923	wisconsin
42	3932	3382	wisconsin
43	625	1639	texas
44	3674	3675	wisconsin
45	338	2708	washington
46	459	972	wisconsin
47	872	360	wisconsin
48	3559	3197	wisconsin
49	3957	3665	wisconsin
50	3507	364	wisconsin
51	1133	13	cornell
52	813	2395	washington
53	3670	3918	wisconsin
54	1646	421	texas
55	3271	3932	wisconsin
56	2713	2660	washington
57	170	363	wisconsin
58	874	346	wisconsin
59	3920	3918	wisconsin
60	1295	517	cornell
61	1133	43	cornell
62	2661	2710	washington
63	1982	1639	texas
64	3667	3674	wisconsin
65	2710	2711	washington
66	3429	3666	wisconsin
67	2659	2710	washington
68	2027	687	texas
69	1295	573	cornell
70	3673	3675	wisconsin
71	3978	3907	wisconsin
72	2954	127	washington
73	698	1639	texas
74	3903	3824	wisconsin
75	812	2294	washington
76	3303	897	wisconsin
77	2027	681	texas
78	3541	978	wisconsin
79	786	2383	washington
80	3607	3673	wisconsin
81	3671	3675	wisconsin
82	2335	104	washington
83	3666	3674	wisconsin
84	2331	766	washington
85	3429	3675	wisconsin
86	990	3093	wisconsin
87	810	2390	washington
88	233	159	wisconsin
89	155	952	wisconsin
90	1858	1862	texas
91	1082	1325	cornell
92	991	184	wisconsin
93	1480	405	cornell
94	297	55	texas
95	2713	2711	washington
96	1253	515	cornell
97	3918	3907	wisconsin
98	2320	744	washington
99	3382	3381	wisconsin
100	576	252	cornell
101	944	162	wisconsin
102	3929	3889	wisconsin
103	40	248	cornell
104	1253	513	cornell
105	3151	1001	wisconsin
106	169	3343	wisconsin
107	1180	269	cornell
108	350	204	wisconsin
109	2027	648	texas
110	2335	144	washington
111	749	2292	washington
112	3575	941	wisconsin
113	1015	386	cornell
114	958	369	wisconsin
115	3238	975	wisconsin
116	3496	1003	wisconsin
117	911	218	wisconsin
118	2027	607	texas
119	3575	951	wisconsin
120	2320	762	washington
121	3576	211	wisconsin
122	1295	474	cornell
123	571	36	cornell
124	2320	784	washington
125	2395	333	washington
126	370	454	wisconsin
127	2027	717	texas
128	2712	2713	washington
129	3158	3595	wisconsin
130	310	414	texas
131	298	1894	texas
132	3984	3909	wisconsin
133	3543	3532	wisconsin
134	572	563	cornell
135	885	197	wisconsin
136	3643	972	wisconsin
137	2320	798	washington
138	3675	3674	wisconsin
139	2320	812	washington
140	387	386	cornell
141	2682	839	washington
142	418	604	texas
143	3737	187	wisconsin
144	900	3413	wisconsin
145	232	885	wisconsin
146	2428	2916	washington
147	3417	161	wisconsin
148	2027	627	texas
149	2712	2661	washington
150	1463	1464	cornell
151	406	1639	texas
152	3576	224	wisconsin
153	3926	3674	wisconsin
154	522	1	cornell
155	3265	860	wisconsin
156	276	1639	texas
157	1363	243	cornell
158	197	876	wisconsin
159	3576	220	wisconsin
160	2320	790	washington
161	415	723	texas
162	252	542	cornell
163	382	3889	wisconsin
164	6	19	cornell
165	1019	1180	cornell
166	3250	3515	wisconsin
167	654	1639	texas
168	3575	918	wisconsin
169	2027	596	texas
170	1495	257	cornell
171	2320	771	washington
172	3918	3675	wisconsin
173	751	3038	washington
174	2027	700	texas
175	454	446	wisconsin
176	500	32	cornell
177	3840	3648	wisconsin
178	3341	929	wisconsin
179	716	1639	texas
180	1515	485	cornell
181	199	3824	wisconsin
182	304	421	texas
183	535	559	cornell
184	2104	646	texas
185	1681	2169	texas
186	56	1933	texas
187	3576	230	wisconsin
188	1295	580	cornell
189	2307	737	washington
190	2027	621	texas
191	3928	3673	wisconsin
192	2104	676	texas
193	2307	764	washington
194	1982	48	texas
195	1933	1858	texas
196	3507	981	wisconsin
197	554	4	cornell
198	459	3340	wisconsin
199	3575	960	wisconsin
200	3197	908	wisconsin
201	444	467	wisconsin
202	3600	208	wisconsin
203	551	395	cornell
204	3264	349	wisconsin
205	1646	419	texas
206	933	372	wisconsin
207	197	985	wisconsin
208	515	1253	cornell
209	199	3413	wisconsin
210	2416	820	washington
211	232	953	wisconsin
212	843	808	washington
213	698	1679	texas
214	1464	1526	cornell
215	1936	1862	texas
216	2320	795	washington
217	3922	3671	wisconsin
218	3824	886	wisconsin
219	1646	406	texas
220	364	3340	wisconsin
221	538	10	cornell
222	447	453	wisconsin
223	925	190	wisconsin
224	2320	826	washington
225	968	3205	wisconsin
226	3947	457	wisconsin
227	2468	318	washington
228	3932	366	wisconsin
229	3496	942	wisconsin
230	2563	2790	washington
231	168	176	wisconsin
232	1180	252	cornell
233	491	33	cornell
234	1862	1933	texas
235	813	2294	washington
236	337	831	washington
237	3664	3889	wisconsin
238	3674	3918	wisconsin
239	925	199	wisconsin
240	3	1036	cornell
241	2913	2427	washington
242	385	3421	wisconsin
243	408	422	texas
244	2335	112	washington
245	1295	566	cornell
246	3808	3648	wisconsin
247	561	1334	cornell
248	953	189	wisconsin
249	1295	585	cornell
250	3094	379	wisconsin
251	2026	2108	texas
252	786	2954	washington
253	100	2468	washington
254	364	178	wisconsin
255	2027	624	texas
256	548	13	cornell
257	2027	618	texas
258	443	3269	wisconsin
259	2320	820	washington
260	807	331	washington
261	430	810	washington
262	2719	2653	washington
263	1564	559	cornell
264	1180	242	cornell
265	1894	67	texas
266	3920	3907	wisconsin
267	3507	894	wisconsin
268	3920	3675	wisconsin
269	2320	756	washington
270	3584	867	wisconsin
271	2711	2661	washington
272	3217	3340	wisconsin
273	2289	126	washington
274	1894	71	texas
275	3978	3429	wisconsin
276	3903	886	wisconsin
277	159	3343	wisconsin
278	197	979	wisconsin
279	1295	562	cornell
280	3341	898	wisconsin
281	3575	901	wisconsin
282	3584	464	wisconsin
283	295	2087	texas
284	820	2413	washington
285	3210	3213	wisconsin
286	1107	1100	cornell
287	178	167	wisconsin
288	3575	859	wisconsin
289	477	1295	cornell
290	2335	133	washington
291	1015	397	cornell
292	1311	589	cornell
293	200	3331	wisconsin
294	2320	761	washington
295	3575	914	wisconsin
296	2320	749	washington
297	2027	631	texas
298	411	294	texas
299	3665	3908	wisconsin
300	3507	905	wisconsin
301	3922	3907	wisconsin
302	1022	1412	cornell
303	231	1004	wisconsin
304	3674	3916	wisconsin
305	2468	334	washington
306	2108	2072	texas
307	194	857	wisconsin
308	416	2129	texas
309	528	39	cornell
310	415	591	texas
311	3584	914	wisconsin
312	188	3343	wisconsin
313	2536	759	washington
314	791	2360	washington
315	3908	3673	wisconsin
316	2795	146	washington
317	1894	62	texas
318	946	447	wisconsin
319	3926	3889	wisconsin
320	2359	2980	washington
321	1295	559	cornell
322	578	268	cornell
323	3926	3665	wisconsin
324	1894	66	texas
325	892	192	wisconsin
326	3417	187	wisconsin
327	558	516	cornell
328	447	377	wisconsin
329	161	3580	wisconsin
330	1679	2110	texas
331	2027	705	texas
332	3654	3510	wisconsin
333	3575	996	wisconsin
334	666	289	texas
335	3664	3908	wisconsin
336	2027	649	texas
337	3621	881	wisconsin
338	911	3498	wisconsin
339	2727	324	washington
340	2104	629	texas
341	3969	974	wisconsin
342	2141	279	texas
343	1295	554	cornell
344	3496	366	wisconsin
345	363	383	wisconsin
346	3889	3673	wisconsin
347	203	984	wisconsin
348	3210	3969	wisconsin
349	528	43	cornell
350	974	3543	wisconsin
351	3665	3889	wisconsin
352	191	199	wisconsin
353	385	3918	wisconsin
354	3957	3915	wisconsin
355	993	162	wisconsin
356	402	1106	cornell
357	334	2294	washington
358	3575	1004	wisconsin
359	881	3138	wisconsin
360	415	287	texas
361	981	990	wisconsin
362	741	2294	washington
363	781	2346	washington
364	385	3916	wisconsin
365	1719	304	texas
366	3607	3674	wisconsin
367	1076	8	cornell
368	2710	2661	washington
369	3575	935	wisconsin
370	2027	637	texas
371	1719	302	texas
372	2320	760	washington
373	583	578	cornell
374	791	2355	washington
375	3340	455	wisconsin
376	3372	174	wisconsin
377	3543	974	wisconsin
378	1295	579	cornell
379	3193	949	wisconsin
380	446	456	wisconsin
381	488	470	cornell
382	198	347	wisconsin
383	418	408	texas
384	860	370	wisconsin
385	363	170	wisconsin
386	344	3607	wisconsin
387	185	1004	wisconsin
388	1894	61	texas
389	3667	3929	wisconsin
390	274	1719	texas
391	2335	116	washington
392	2917	2426	washington
393	645	1639	texas
394	695	2026	texas
395	1646	416	texas
396	1253	555	cornell
397	2027	692	texas
398	1606	254	cornell
399	2141	1719	texas
400	375	3404	wisconsin
401	2912	833	washington
402	3575	894	wisconsin
403	156	3417	wisconsin
404	1894	81	texas
405	457	3250	wisconsin
406	3664	3421	wisconsin
407	766	2335	washington
408	610	80	texas
409	705	2039	texas
410	3669	3918	wisconsin
411	3978	3915	wisconsin
412	2027	726	texas
413	280	1719	texas
414	536	38	cornell
415	3670	3908	wisconsin
416	2795	2790	washington
417	169	199	wisconsin
418	198	997	wisconsin
419	2320	772	washington
420	2027	699	texas
421	2660	2710	washington
422	3667	3675	wisconsin
423	3575	932	wisconsin
424	3666	3908	wisconsin
425	1100	1101	cornell
426	609	1639	texas
427	3417	190	wisconsin
428	113	340	washington
429	385	3889	wisconsin
430	1495	515	cornell
431	463	466	wisconsin
432	254	489	cornell
433	2320	770	washington
434	3213	974	wisconsin
435	3372	236	wisconsin
436	170	3836	wisconsin
437	3507	948	wisconsin
438	3575	892	wisconsin
439	187	3866	wisconsin
440	857	446	wisconsin
441	2061	604	texas
442	3366	987	wisconsin
443	3590	444	wisconsin
444	2711	2659	washington
445	3576	212	wisconsin
446	3575	980	wisconsin
447	3372	974	wisconsin
448	382	3675	wisconsin
449	2027	638	texas
450	857	233	wisconsin
451	904	216	wisconsin
452	462	3634	wisconsin
453	218	3346	wisconsin
454	820	2294	washington
455	743	2289	washington
456	3184	3340	wisconsin
457	2712	2711	washington
458	354	237	wisconsin
459	218	3440	wisconsin
460	3921	3907	wisconsin
461	705	1746	texas
462	191	3343	wisconsin
463	2321	760	washington
464	2027	693	texas
465	2713	774	washington
466	3331	995	wisconsin
467	513	13	cornell
468	198	991	wisconsin
469	3957	3670	wisconsin
470	3889	3674	wisconsin
471	761	434	washington
472	1537	515	cornell
473	1936	1933	texas
474	764	438	washington
475	1076	14	cornell
476	3008	321	washington
477	1295	481	cornell
478	1295	508	cornell
479	456	3607	wisconsin
480	3266	946	wisconsin
481	3922	3889	wisconsin
482	882	3620	wisconsin
483	3734	3409	wisconsin
484	959	235	wisconsin
485	3575	999	wisconsin
486	803	2294	washington
487	1025	1295	cornell
488	2027	664	texas
489	942	3340	wisconsin
490	2719	2720	washington
491	3957	3925	wisconsin
492	3158	3239	wisconsin
493	597	1639	texas
494	3575	933	wisconsin
495	366	935	wisconsin
496	3498	453	wisconsin
497	3429	3673	wisconsin
498	3957	3907	wisconsin
499	1295	514	cornell
500	438	2294	washington
501	375	3382	wisconsin
502	699	47	texas
503	2426	433	washington
504	2335	142	washington
505	1107	397	cornell
506	411	720	texas
507	357	3368	wisconsin
508	2335	146	washington
509	3925	3674	wisconsin
510	1180	265	cornell
511	3669	3920	wisconsin
512	819	2294	washington
513	153	1005	wisconsin
514	2710	2712	washington
515	911	207	wisconsin
516	382	3918	wisconsin
517	3584	966	wisconsin
518	3575	982	wisconsin
519	100	2880	washington
520	1015	1614	cornell
521	993	3576	wisconsin
522	1932	1861	texas
523	3368	357	wisconsin
524	954	351	wisconsin
525	3922	3928	wisconsin
526	338	442	washington
527	610	70	texas
528	3488	360	wisconsin
529	965	3498	wisconsin
530	3510	3673	wisconsin
531	1591	1295	cornell
532	2708	333	washington
533	3266	448	wisconsin
534	949	3193	wisconsin
535	2335	105	washington
536	433	2659	washington
537	981	903	wisconsin
538	3666	3675	wisconsin
539	365	177	wisconsin
540	3915	3671	wisconsin
541	879	182	wisconsin
542	2027	646	texas
543	1606	271	cornell
544	456	385	wisconsin
545	186	3343	wisconsin
546	426	787	washington
547	501	6	cornell
548	345	3665	wisconsin
549	870	3239	wisconsin
550	3575	995	wisconsin
551	3575	909	wisconsin
552	3919	3918	wisconsin
553	388	395	cornell
554	3918	3673	wisconsin
555	3239	3595	wisconsin
556	3957	3889	wisconsin
557	3366	1005	wisconsin
558	1606	269	cornell
559	746	436	washington
560	350	172	wisconsin
561	501	19	cornell
562	1005	3366	wisconsin
563	3340	445	wisconsin
564	1295	533	cornell
565	3269	927	wisconsin
566	1295	476	cornell
567	1015	395	cornell
568	3915	3673	wisconsin
569	1295	485	cornell
570	558	33	cornell
571	3584	909	wisconsin
572	3496	897	wisconsin
573	3575	969	wisconsin
574	3925	3673	wisconsin
575	56	1932	texas
576	822	341	washington
577	3346	195	wisconsin
578	445	3271	wisconsin
579	75	1894	texas
580	2320	754	washington
581	974	3969	wisconsin
582	197	936	wisconsin
583	547	1564	cornell
584	3970	3366	wisconsin
585	155	199	wisconsin
586	3922	3667	wisconsin
587	1387	397	cornell
588	1719	296	texas
589	611	413	texas
590	3584	929	wisconsin
591	965	198	wisconsin
592	599	1639	texas
593	2027	658	texas
594	2426	2916	washington
595	661	1996	texas
596	3576	233	wisconsin
597	3172	3580	wisconsin
598	183	886	wisconsin
599	1295	581	cornell
600	917	357	wisconsin
601	3908	3675	wisconsin
602	3921	3908	wisconsin
603	1178	386	cornell
604	3341	363	wisconsin
605	1002	3366	wisconsin
606	360	464	wisconsin
607	784	339	washington
608	3620	216	wisconsin
609	848	2454	washington
610	1182	1295	cornell
611	2027	696	texas
612	1236	535	cornell
613	3575	950	wisconsin
614	3620	217	wisconsin
615	3957	3673	wisconsin
616	554	13	cornell
617	3917	3498	wisconsin
618	2027	623	texas
619	3584	349	wisconsin
620	3669	3665	wisconsin
621	3303	364	wisconsin
622	2320	732	washington
623	1646	418	texas
624	198	921	wisconsin
625	982	3970	wisconsin
626	1894	76	texas
627	2027	642	texas
628	3970	210	wisconsin
629	969	3206	wisconsin
630	3908	3674	wisconsin
631	760	2321	washington
632	3595	3159	wisconsin
633	3366	943	wisconsin
634	279	1719	texas
635	382	3665	wisconsin
636	3298	3575	wisconsin
637	2563	146	washington
638	2027	603	texas
639	3614	3413	wisconsin
640	3925	3907	wisconsin
641	849	126	washington
642	364	167	wisconsin
643	2027	592	texas
644	232	1000	wisconsin
645	3535	213	wisconsin
646	2320	843	washington
647	1295	494	cornell
648	230	3331	wisconsin
649	3918	3674	wisconsin
650	1003	3340	wisconsin
651	3675	3908	wisconsin
652	1508	475	cornell
653	3664	3916	wisconsin
654	3957	3916	wisconsin
655	302	1639	texas
656	3676	450	wisconsin
657	3907	3510	wisconsin
658	227	928	wisconsin
659	857	199	wisconsin
660	1354	34	cornell
661	481	257	cornell
662	2661	2660	washington
663	330	430	washington
664	3907	3908	wisconsin
665	3671	3918	wisconsin
666	3970	207	wisconsin
667	2426	2427	washington
668	1860	1861	texas
669	444	458	wisconsin
670	3382	357	wisconsin
671	3669	3668	wisconsin
672	339	426	washington
673	2710	2660	washington
674	2825	2320	washington
675	2027	679	texas
676	3575	972	wisconsin
677	2141	278	texas
678	3654	3675	wisconsin
679	3366	354	wisconsin
680	1108	494	cornell
681	2713	843	washington
682	2027	674	texas
683	426	333	washington
684	1295	571	cornell
685	832	332	washington
686	3382	3368	wisconsin
687	3665	3916	wisconsin
688	1100	1099	cornell
689	338	108	washington
690	1354	36	cornell
691	2320	774	washington
692	3600	900	wisconsin
693	3675	3889	wisconsin
694	167	178	wisconsin
695	3381	3382	wisconsin
696	364	168	wisconsin
697	1982	80	texas
698	636	406	texas
699	402	1100	cornell
700	456	3498	wisconsin
701	3664	3673	wisconsin
702	2027	721	texas
703	1606	252	cornell
704	1719	309	texas
705	3916	3675	wisconsin
706	3366	357	wisconsin
707	222	3293	wisconsin
708	990	366	wisconsin
709	443	3490	wisconsin
710	3819	1005	wisconsin
711	3507	897	wisconsin
712	2027	612	texas
713	796	2294	washington
714	3584	891	wisconsin
715	2035	704	texas
716	2359	2355	washington
717	1180	245	cornell
718	3409	3343	wisconsin
719	2027	662	texas
720	1295	547	cornell
721	393	254	cornell
722	3576	206	wisconsin
723	833	2910	washington
724	3575	924	wisconsin
725	1564	504	cornell
726	338	438	washington
727	898	458	wisconsin
728	613	1639	texas
729	3368	3381	wisconsin
730	3929	3673	wisconsin
731	33	1423	cornell
732	3915	3674	wisconsin
733	900	3600	wisconsin
734	542	252	cornell
735	791	2981	washington
736	2027	667	texas
737	2913	771	washington
738	135	87	washington
739	1180	241	cornell
740	3575	912	wisconsin
741	320	148	washington
742	2416	744	washington
743	3575	886	wisconsin
744	3853	183	wisconsin
745	3605	905	wisconsin
746	3907	3674	wisconsin
747	3037	751	washington
748	3576	203	wisconsin
749	1894	75	texas
750	252	479	cornell
751	3643	455	wisconsin
752	2359	2360	washington
753	408	293	texas
754	3576	197	wisconsin
755	3654	3962	wisconsin
756	3366	908	wisconsin
757	337	786	washington
758	708	297	texas
759	666	301	texas
760	3575	998	wisconsin
761	1295	512	cornell
762	3575	889	wisconsin
763	278	1719	texas
764	2286	142	washington
765	3575	874	wisconsin
766	731	1639	texas
767	3576	228	wisconsin
768	2141	284	texas
769	1247	43	cornell
770	3576	199	wisconsin
771	2104	698	texas
772	1076	15	cornell
773	3575	883	wisconsin
774	409	627	texas
775	1295	470	cornell
776	3927	3908	wisconsin
777	377	3346	wisconsin
778	499	485	cornell
779	407	1639	texas
780	2416	810	washington
781	781	430	washington
782	3507	917	wisconsin
783	4013	3916	wisconsin
784	3303	366	wisconsin
785	3925	3665	wisconsin
786	223	363	wisconsin
787	2026	1679	texas
788	225	361	wisconsin
789	2708	330	washington
790	1933	1862	texas
791	3575	958	wisconsin
792	1719	305	texas
793	2088	2089	texas
794	232	876	wisconsin
795	764	332	washington
796	662	1639	texas
797	1894	72	texas
798	2027	675	texas
799	1180	270	cornell
800	3667	3962	wisconsin
801	3470	222	wisconsin
802	1295	546	cornell
803	2141	272	texas
804	1295	506	cornell
805	3413	171	wisconsin
806	1019	1182	cornell
807	994	464	wisconsin
808	1933	1938	texas
809	815	119	washington
810	3654	3673	wisconsin
811	874	3498	wisconsin
812	837	102	washington
813	3673	3665	wisconsin
814	1552	509	cornell
815	1857	1862	texas
816	3413	178	wisconsin
817	2654	432	washington
818	847	88	washington
819	426	748	washington
820	820	2931	washington
821	3575	967	wisconsin
822	1894	57	texas
823	991	220	wisconsin
824	485	396	cornell
825	978	3541	wisconsin
826	218	160	wisconsin
827	1295	544	cornell
828	2280	135	washington
829	233	182	wisconsin
830	3575	926	wisconsin
831	2320	810	washington
832	3634	171	wisconsin
833	2712	2660	washington
834	3238	344	wisconsin
835	1178	1182	cornell
836	940	3984	wisconsin
837	2913	740	washington
838	2659	2712	washington
839	1944	613	texas
840	146	2563	washington
841	377	165	wisconsin
842	2141	282	texas
843	2660	2659	washington
844	236	171	wisconsin
845	974	3210	wisconsin
846	2027	644	texas
847	231	991	wisconsin
848	3409	199	wisconsin
849	3532	3210	wisconsin
850	3957	3674	wisconsin
851	3917	3340	wisconsin
852	1646	286	texas
853	3429	3916	wisconsin
854	3575	1005	wisconsin
855	2713	808	washington
856	3664	3674	wisconsin
857	3672	3665	wisconsin
858	1414	1606	cornell
859	2335	132	washington
860	3575	861	wisconsin
861	4013	3675	wisconsin
862	749	98	washington
863	2916	2428	washington
864	943	3177	wisconsin
865	2027	707	texas
866	1295	582	cornell
867	990	861	wisconsin
868	1	564	cornell
869	222	360	wisconsin
870	3575	898	wisconsin
871	2426	2913	washington
872	3978	3666	wisconsin
873	2428	2913	washington
874	549	33	cornell
875	111	95	washington
876	3093	861	wisconsin
877	3404	180	wisconsin
878	3922	3908	wisconsin
879	3421	3907	wisconsin
880	132	338	washington
881	405	252	cornell
882	89	752	washington
883	245	470	cornell
884	3674	3908	wisconsin
885	3575	857	wisconsin
886	3670	3916	wisconsin
887	2320	733	washington
888	3907	3421	wisconsin
889	1295	567	cornell
890	614	1639	texas
891	2713	835	washington
892	3575	961	wisconsin
893	666	291	texas
894	191	911	wisconsin
895	405	1480	cornell
896	3238	888	wisconsin
897	1295	475	cornell
898	245	488	cornell
899	3928	3889	wisconsin
900	650	292	texas
901	2428	2427	washington
902	711	46	texas
903	91	334	washington
904	899	374	wisconsin
905	405	542	cornell
906	2335	145	washington
907	1646	2169	texas
908	3164	210	wisconsin
909	2301	751	washington
910	3926	3673	wisconsin
911	2292	98	washington
912	1295	478	cornell
913	183	233	wisconsin
914	3413	160	wisconsin
915	2141	280	texas
916	932	357	wisconsin
917	2688	338	washington
918	3853	886	wisconsin
919	924	3584	wisconsin
920	3897	3824	wisconsin
921	3966	161	wisconsin
922	1180	253	cornell
923	3265	454	wisconsin
924	3978	3921	wisconsin
925	909	383	wisconsin
926	1295	469	cornell
927	1295	483	cornell
928	144	776	washington
929	1295	513	cornell
930	3978	3928	wisconsin
931	3575	890	wisconsin
932	2413	2931	washington
933	1295	557	cornell
934	3669	3907	wisconsin
935	1409	248	cornell
936	3836	170	wisconsin
937	1606	265	cornell
938	452	377	wisconsin
939	1473	1066	cornell
940	438	2688	washington
941	2414	820	washington
942	1220	13	cornell
943	495	255	cornell
944	2169	2108	texas
945	3507	357	wisconsin
946	3197	964	wisconsin
947	364	915	wisconsin
948	1019	1025	cornell
949	3575	3158	wisconsin
950	3957	3927	wisconsin
951	3575	963	wisconsin
952	810	125	washington
953	1894	59	texas
954	3957	3671	wisconsin
955	3264	383	wisconsin
956	872	3575	wisconsin
957	3164	207	wisconsin
958	3664	456	wisconsin
959	3266	960	wisconsin
960	350	3369	wisconsin
961	2320	736	washington
962	463	895	wisconsin
963	712	76	texas
964	649	2061	texas
965	352	174	wisconsin
966	736	112	washington
967	1015	267	cornell
968	1719	313	texas
969	408	722	texas
970	704	2027	texas
971	1295	541	cornell
972	978	3217	wisconsin
973	394	469	cornell
974	518	1247	cornell
975	1188	1409	cornell
976	766	151	washington
977	2320	738	washington
978	3421	3908	wisconsin
979	2708	318	washington
980	2104	593	texas
981	2356	787	washington
982	3919	3674	wisconsin
983	3675	3916	wisconsin
984	2320	769	washington
985	3978	3922	wisconsin
986	3429	4013	wisconsin
987	2320	818	washington
988	2286	425	washington
989	1894	60	texas
990	2713	2659	washington
991	2335	143	washington
992	827	2294	washington
993	931	458	wisconsin
994	288	2089	texas
995	433	2661	washington
996	3922	3918	wisconsin
997	3654	3916	wisconsin
998	3907	3675	wisconsin
999	388	250	cornell
1000	95	324	washington
1001	457	3515	wisconsin
1002	3905	857	wisconsin
1003	499	395	cornell
1004	188	955	wisconsin
1005	133	333	washington
1006	3673	3889	wisconsin
1007	840	835	washington
1008	1423	536	cornell
1009	778	431	washington
1010	1719	301	texas
1011	861	455	wisconsin
1012	3922	3916	wisconsin
1013	28	44	cornell
1014	1108	1107	cornell
1015	719	1639	texas
1016	3668	3889	wisconsin
1017	1719	288	texas
1018	16	1076	cornell
1019	3824	3648	wisconsin
1020	448	377	wisconsin
1021	839	2294	washington
1022	3643	883	wisconsin
1023	3269	932	wisconsin
1024	4013	3978	wisconsin
1025	1295	523	cornell
1026	1180	251	cornell
1027	2980	2355	washington
1028	3671	3674	wisconsin
1029	3266	453	wisconsin
1030	3866	187	wisconsin
1031	2383	786	washington
1032	3920	3916	wisconsin
1033	1076	10	cornell
1034	3303	951	wisconsin
1035	3575	927	wisconsin
1036	172	350	wisconsin
1037	1295	584	cornell
1038	3908	3665	wisconsin
1039	862	3641	wisconsin
1040	564	271	cornell
1041	2910	2335	washington
1042	154	199	wisconsin
1043	1311	476	cornell
1044	2708	334	washington
1045	772	324	washington
1046	3331	858	wisconsin
1047	3584	374	wisconsin
1048	433	2711	washington
1049	2359	791	washington
1050	3303	375	wisconsin
1051	475	1508	cornell
1052	990	935	wisconsin
1053	566	25	cornell
1054	3429	3928	wisconsin
1055	409	2104	texas
1056	3346	456	wisconsin
1057	132	833	washington
1058	198	197	wisconsin
1059	3672	3674	wisconsin
1060	3303	972	wisconsin
1061	977	221	wisconsin
1062	2038	705	texas
1063	878	177	wisconsin
1064	360	466	wisconsin
1065	1719	287	texas
1066	1858	1933	texas
1067	3575	981	wisconsin
1068	1646	411	texas
1069	3978	3665	wisconsin
1070	1894	56	texas
1071	3366	1002	wisconsin
1072	836	2294	washington
1073	555	1220	cornell
1074	990	981	wisconsin
1075	3666	3673	wisconsin
1076	1697	2089	texas
1077	3169	215	wisconsin
1078	737	2279	washington
1079	220	3298	wisconsin
1080	1646	409	texas
1081	3131	3340	wisconsin
1082	1295	499	cornell
1083	3664	3675	wisconsin
1084	534	1552	cornell
1085	1015	391	cornell
1086	2027	698	texas
1087	499	5	cornell
1088	810	2416	washington
1089	3824	199	wisconsin
1090	1295	576	cornell
1091	1101	386	cornell
1092	3166	463	wisconsin
1093	176	167	wisconsin
1094	2713	809	washington
1095	3	1423	cornell
1096	2320	805	washington
1097	1015	390	cornell
1098	2335	102	washington
1099	3510	3889	wisconsin
1100	156	3824	wisconsin
1101	2320	776	washington
1102	1719	307	texas
1103	828	2426	washington
1104	2320	819	washington
1105	1295	574	cornell
1106	1944	670	texas
1107	3916	3673	wisconsin
1108	197	953	wisconsin
1109	904	445	wisconsin
1110	231	965	wisconsin
1111	814	739	washington
1112	744	425	washington
1113	2110	2072	texas
1114	433	2710	washington
1115	2027	697	texas
1116	306	62	texas
1117	2027	620	texas
1118	2320	838	washington
1119	3978	3918	wisconsin
1120	737	2294	washington
1121	405	265	cornell
1122	1001	217	wisconsin
1123	809	2294	washington
1124	1325	1464	cornell
1125	2661	2659	washington
1126	3620	882	wisconsin
1127	345	3675	wisconsin
1128	2711	2713	washington
1129	271	1606	cornell
1130	3667	3916	wisconsin
1131	177	3331	wisconsin
1132	2335	149	washington
1133	2141	273	texas
1134	3265	446	wisconsin
1135	955	188	wisconsin
1136	2713	852	washington
1137	3404	3382	wisconsin
1138	389	394	cornell
1139	382	3674	wisconsin
1140	894	375	wisconsin
1141	732	116	washington
1142	1719	291	texas
1143	1295	588	cornell
1144	853	2294	washington
1145	981	364	wisconsin
1146	1107	1099	cornell
1147	427	425	washington
1148	1295	564	cornell
1149	3532	974	wisconsin
1150	3496	951	wisconsin
1151	3672	3889	wisconsin
1152	1295	540	cornell
1153	1107	1108	cornell
1154	3413	167	wisconsin
1155	2708	322	washington
1156	418	671	texas
1157	2027	694	texas
1158	1295	487	cornell
1159	583	386	cornell
1160	154	944	wisconsin
1161	1746	70	texas
1162	3643	353	wisconsin
1163	1894	68	texas
1164	3921	3918	wisconsin
1165	508	1532	cornell
1166	295	65	texas
1167	3969	352	wisconsin
1168	1295	518	cornell
1169	661	48	texas
1170	986	375	wisconsin
1171	3421	3673	wisconsin
1172	735	2294	washington
1173	3994	913	wisconsin
1174	1495	575	cornell
1175	3575	895	wisconsin
1176	132	2536	washington
1177	3249	3515	wisconsin
1178	3607	3916	wisconsin
1179	3575	905	wisconsin
1180	2356	739	washington
1181	554	1236	cornell
1182	2427	2428	washington
1183	382	3908	wisconsin
1184	3050	2294	washington
1185	816	2294	washington
1186	3037	787	washington
1187	538	13	cornell
1188	3607	3675	wisconsin
1189	2027	635	texas
1190	3429	3671	wisconsin
1191	3584	895	wisconsin
1192	257	12	cornell
1193	3805	456	wisconsin
1194	3575	864	wisconsin
1195	1100	494	cornell
1196	3907	3889	wisconsin
1197	3922	3675	wisconsin
1198	3917	3094	wisconsin
1199	3584	371	wisconsin
1200	699	411	texas
1201	252	576	cornell
1202	2027	629	texas
1203	728	2027	texas
1204	860	3265	wisconsin
1205	871	374	wisconsin
1206	3340	3303	wisconsin
1207	4013	3673	wisconsin
1208	2279	782	washington
1209	3515	3249	wisconsin
1210	3515	457	wisconsin
1211	1679	2169	texas
1212	946	448	wisconsin
1213	2713	2661	washington
1214	190	925	wisconsin
1215	2027	680	texas
1216	631	65	texas
1217	1363	37	cornell
1218	506	1526	cornell
1219	3575	928	wisconsin
1220	4010	982	wisconsin
1221	3413	168	wisconsin
1222	2027	665	texas
1223	3575	993	wisconsin
1224	2027	639	texas
1225	1295	539	cornell
1226	944	3417	wisconsin
1227	2027	641	texas
1228	3607	3889	wisconsin
1229	3575	973	wisconsin
1230	900	3151	wisconsin
1231	185	965	wisconsin
1232	1036	536	cornell
1233	91	842	washington
1234	1295	528	cornell
1235	1606	270	cornell
1236	2791	324	washington
1237	2027	719	texas
1238	3510	3908	wisconsin
1239	3978	3667	wisconsin
1240	3928	3908	wisconsin
1241	717	48	texas
1242	19	6	cornell
1243	3920	3889	wisconsin
1244	915	364	wisconsin
1245	3927	3510	wisconsin
1246	2320	753	washington
1247	3926	3916	wisconsin
1248	187	4010	wisconsin
1249	3665	3675	wisconsin
1250	439	839	washington
1251	2825	343	washington
1252	411	701	texas
1253	705	2038	texas
1254	3575	943	wisconsin
1255	188	199	wisconsin
1256	932	455	wisconsin
1257	1311	584	cornell
1258	2795	2563	washington
1259	1180	257	cornell
1260	3916	3665	wisconsin
1261	297	1639	texas
1262	758	430	washington
1263	362	3267	wisconsin
1264	3532	3969	wisconsin
1265	2027	636	texas
1266	852	97	washington
1267	185	991	wisconsin
1268	3575	959	wisconsin
1269	2320	743	washington
1270	733	431	washington
1271	3576	210	wisconsin
1272	2089	288	texas
1273	183	3853	wisconsin
1274	2706	434	washington
1275	2335	117	washington
1276	306	58	texas
1277	121	341	washington
1278	3673	3674	wisconsin
1279	2335	122	washington
1280	666	53	texas
1281	3265	3372	wisconsin
1282	3654	3665	wisconsin
1283	3971	898	wisconsin
1284	3670	3907	wisconsin
1285	3676	443	wisconsin
1286	2335	131	washington
1287	158	985	wisconsin
1288	172	3413	wisconsin
1289	677	1639	texas
1290	243	1412	cornell
1291	2027	722	texas
1292	156	163	wisconsin
1293	418	1658	texas
1294	3915	3665	wisconsin
1295	2954	786	washington
1296	737	127	washington
1297	766	427	washington
1298	976	3962	wisconsin
1299	756	2309	washington
1300	2563	2560	washington
1301	1680	1679	texas
1302	904	211	wisconsin
1303	2917	756	washington
1304	120	86	washington
1305	2027	676	texas
1306	643	1639	texas
1307	2027	709	texas
1308	791	2359	washington
1309	2320	809	washington
1310	1076	1133	cornell
1311	3667	3918	wisconsin
1312	3994	918	wisconsin
1313	2335	118	washington
1314	1101	1108	cornell
1315	334	100	washington
1316	100	2466	washington
1317	62	306	texas
1318	3576	207	wisconsin
1319	3094	355	wisconsin
1320	1180	239	cornell
1321	3824	857	wisconsin
1322	797	2294	washington
1323	2320	782	washington
1324	1645	75	texas
1325	904	897	wisconsin
1326	3575	921	wisconsin
1327	2141	275	texas
1328	320	2708	washington
1329	3580	211	wisconsin
1330	1387	262	cornell
1331	950	3184	wisconsin
1332	2708	335	washington
1333	422	1702	texas
1334	2712	2710	washington
1335	701	411	texas
1336	766	2320	washington
1337	3957	3926	wisconsin
1338	3366	367	wisconsin
1339	592	1639	texas
1340	100	318	washington
1341	2297	750	washington
1342	2027	595	texas
1343	463	865	wisconsin
1344	2027	716	texas
1345	2027	666	texas
1346	1508	578	cornell
1347	2320	786	washington
1348	3177	367	wisconsin
1349	3584	865	wisconsin
1350	491	243	cornell
1351	3927	3907	wisconsin
1352	981	935	wisconsin
1353	305	1639	texas
1354	375	364	wisconsin
1355	1942	421	texas
1356	1679	1681	texas
1357	649	1639	texas
1358	1564	535	cornell
1359	1339	1606	cornell
1360	990	972	wisconsin
1361	3673	3916	wisconsin
1362	2913	2426	washington
1363	3440	874	wisconsin
1364	619	1639	texas
1365	3575	949	wisconsin
1366	1295	532	cornell
1367	58	306	texas
1368	1861	1862	texas
1369	2286	427	washington
1370	440	811	washington
1371	3915	3675	wisconsin
1372	1606	238	cornell
1373	430	337	washington
1374	2708	319	washington
1375	2825	428	washington
1376	176	214	wisconsin
1377	3816	3343	wisconsin
1378	348	215	wisconsin
1379	744	339	washington
1380	385	3665	wisconsin
1381	2917	2913	washington
1382	1719	299	texas
1383	704	408	texas
1384	444	3341	wisconsin
1385	364	176	wisconsin
1386	408	704	texas
1387	1173	515	cornell
1388	573	259	cornell
1389	234	3808	wisconsin
1390	2334	425	washington
1391	3584	931	wisconsin
1392	2335	111	washington
1393	1508	577	cornell
1394	828	2916	washington
1395	2954	117	washington
1396	858	213	wisconsin
1397	2061	613	texas
1398	2027	622	texas
1399	513	1250	cornell
1400	3932	972	wisconsin
1401	3575	971	wisconsin
1402	3907	3915	wisconsin
1403	3673	3908	wisconsin
1404	1295	578	cornell
1405	248	1409	cornell
1406	3366	952	wisconsin
1407	3575	1002	wisconsin
1408	411	699	texas
1409	3676	455	wisconsin
1410	963	3404	wisconsin
1411	469	394	cornell
1412	2427	828	washington
1413	760	329	washington
1414	345	3663	wisconsin
1415	789	2356	washington
1416	3269	958	wisconsin
1417	649	413	texas
1418	511	10	cornell
1419	3421	3674	wisconsin
1420	2320	758	washington
1421	6	481	cornell
1422	3966	3580	wisconsin
1423	2712	2659	washington
1424	2335	137	washington
1425	345	3908	wisconsin
1426	3217	445	wisconsin
1427	1106	1100	cornell
1428	1006	3498	wisconsin
1429	100	334	washington
1430	3665	3673	wisconsin
1431	3341	444	wisconsin
1432	1015	404	cornell
1433	583	268	cornell
1434	456	3238	wisconsin
1435	770	2294	washington
1436	802	425	washington
1437	1646	422	texas
1438	577	1597	cornell
1439	405	270	cornell
1440	3907	3665	wisconsin
1441	3210	974	wisconsin
1442	964	1005	wisconsin
1443	115	776	washington
1444	2027	599	texas
1445	1646	407	texas
1446	1295	538	cornell
1447	297	48	texas
1448	431	2720	washington
1449	3093	3382	wisconsin
1450	635	1982	texas
1451	485	257	cornell
1452	940	221	wisconsin
1453	3372	462	wisconsin
1454	2708	339	washington
1455	3654	3889	wisconsin
1456	950	3366	wisconsin
1457	529	39	cornell
1458	802	2294	washington
1459	3836	363	wisconsin
1460	558	32	cornell
1461	1295	490	cornell
1462	3922	3674	wisconsin
1463	3575	975	wisconsin
1464	3340	178	wisconsin
1465	3575	866	wisconsin
1466	903	375	wisconsin
1467	3575	937	wisconsin
1468	433	2713	washington
1469	1015	396	cornell
1470	2320	849	washington
1471	1719	294	texas
1472	1744	705	texas
1473	828	2913	washington
1474	194	199	wisconsin
1475	659	1639	texas
1476	3331	878	wisconsin
1477	555	1250	cornell
1478	1180	255	cornell
1479	2928	823	washington
1480	231	888	wisconsin
1481	1213	561	cornell
1482	3094	3413	wisconsin
1483	1383	250	cornell
1484	214	3382	wisconsin
1485	2708	323	washington
1486	3340	883	wisconsin
1487	3971	351	wisconsin
1488	288	2088	texas
1489	169	3409	wisconsin
1490	3927	3674	wisconsin
1491	3751	886	wisconsin
1492	345	3673	wisconsin
1493	3929	3665	wisconsin
1494	3668	3916	wisconsin
1495	3575	983	wisconsin
1496	233	183	wisconsin
1497	622	1639	texas
1498	442	438	washington
1499	94	87	washington
1500	3575	990	wisconsin
1501	431	2719	washington
1502	3575	871	wisconsin
1503	3303	357	wisconsin
1504	3907	3673	wisconsin
1505	3421	3675	wisconsin
1506	766	134	washington
1507	2320	830	washington
1508	1646	285	texas
1509	3507	987	wisconsin
1510	3575	865	wisconsin
1511	3169	3346	wisconsin
1512	2027	626	texas
1513	2027	695	texas
1514	2713	2710	washington
1515	2468	754	washington
1516	125	151	washington
1517	2653	2720	washington
1518	2061	2027	texas
1519	744	3050	washington
1520	3346	165	wisconsin
1521	776	2294	washington
1522	3266	3498	wisconsin
1523	3584	871	wisconsin
1524	543	405	cornell
1525	1295	491	cornell
1526	2660	2712	washington
1527	1719	308	texas
1528	1250	515	cornell
1529	923	360	wisconsin
1530	214	3303	wisconsin
1531	2320	757	washington
1532	2335	106	washington
1533	395	1311	cornell
1534	3496	935	wisconsin
1535	2661	2712	washington
1536	806	2294	washington
1537	942	3575	wisconsin
1538	1295	493	cornell
1539	1894	65	texas
1540	2301	427	washington
1541	1719	314	texas
1542	693	1639	texas
1543	3269	369	wisconsin
1544	2659	2661	washington
1545	804	2294	washington
1546	1532	508	cornell
1547	3928	3675	wisconsin
1548	2320	848	washington
1549	2027	593	texas
1550	174	3372	wisconsin
1551	377	453	wisconsin
1552	3440	3346	wisconsin
1553	463	360	wisconsin
1554	2825	340	washington
1555	2916	2426	washington
1556	797	436	washington
1557	3917	3372	wisconsin
1558	375	178	wisconsin
1559	985	158	wisconsin
1560	1697	288	texas
1561	558	514	cornell
1562	2027	730	texas
1563	1646	423	texas
1564	357	3366	wisconsin
1565	1213	1334	cornell
1566	224	3372	wisconsin
1567	738	2280	washington
1568	1719	312	texas
1569	402	1099	cornell
1570	632	1639	texas
1571	1295	505	cornell
1572	848	737	washington
1573	704	1749	texas
1574	2089	2088	texas
1575	2027	654	texas
1576	3488	466	wisconsin
1577	3672	3673	wisconsin
1578	2981	2980	washington
1579	1106	1108	cornell
1580	2711	835	washington
1581	989	217	wisconsin
1582	199	3409	wisconsin
1583	779	428	washington
1584	56	1938	texas
1585	3340	861	wisconsin
1586	382	3654	wisconsin
1587	2320	791	washington
1588	1857	1861	texas
1589	1614	393	cornell
1590	265	1394	cornell
1591	757	2286	washington
1592	3038	3037	washington
1593	1697	2088	texas
1594	3266	449	wisconsin
1595	183	3648	wisconsin
1596	474	248	cornell
1597	3576	227	wisconsin
1598	363	349	wisconsin
1599	1295	529	cornell
1600	3417	153	wisconsin
1601	3559	3404	wisconsin
1602	911	191	wisconsin
1603	763	2294	washington
1604	3672	3916	wisconsin
1605	2320	751	washington
1606	701	312	texas
1607	2981	791	washington
1608	10	252	cornell
1609	473	1508	cornell
1610	3925	3908	wisconsin
1611	1894	73	texas
1612	2320	797	washington
1613	1076	2	cornell
1614	1932	1933	texas
1615	3927	3673	wisconsin
1616	865	360	wisconsin
1617	3667	3907	wisconsin
1618	2110	2169	texas
1619	227	984	wisconsin
1620	234	3343	wisconsin
1621	654	54	texas
1622	3671	3665	wisconsin
1623	219	196	wisconsin
1624	185	888	wisconsin
1625	607	1639	texas
1626	3413	172	wisconsin
1627	536	33	cornell
1628	3576	201	wisconsin
1629	380	164	wisconsin
1630	2108	2169	texas
1631	2307	756	washington
1632	3928	3665	wisconsin
1633	1861	1933	texas
1634	3050	2416	washington
1635	3840	3239	wisconsin
1636	1108	1101	cornell
1637	3421	3671	wisconsin
1638	3663	3673	wisconsin
1639	156	3413	wisconsin
1640	2790	2560	washington
1641	3366	3413	wisconsin
1642	3575	863	wisconsin
1643	208	3957	wisconsin
1644	422	296	texas
1645	935	366	wisconsin
1646	1681	1680	texas
1647	440	853	washington
1648	1295	519	cornell
1649	616	416	texas
1650	3808	857	wisconsin
1651	3575	945	wisconsin
1652	1015	394	cornell
1653	3575	978	wisconsin
1654	654	64	texas
1655	3404	3303	wisconsin
1656	3340	353	wisconsin
1657	3576	225	wisconsin
1658	341	822	washington
1659	3663	3665	wisconsin
1660	655	1639	texas
1661	514	24	cornell
1662	3957	3919	wisconsin
1663	214	180	wisconsin
1664	183	3343	wisconsin
1665	549	32	cornell
1666	161	3816	wisconsin
1667	1180	248	cornell
1668	161	933	wisconsin
1669	2931	2413	washington
1670	218	874	wisconsin
1671	1295	471	cornell
1672	3824	3903	wisconsin
1673	2027	598	texas
1674	1894	82	texas
1675	3607	3918	wisconsin
1676	1295	1025	cornell
1677	2335	100	washington
1678	909	954	wisconsin
1679	3265	370	wisconsin
1680	1680	2169	texas
1681	3664	345	wisconsin
1682	1295	472	cornell
1683	965	220	wisconsin
1684	935	445	wisconsin
1685	3413	3576	wisconsin
1686	1295	549	cornell
1687	2104	600	texas
1688	1182	1180	cornell
1689	103	738	washington
1690	2	1173	cornell
1691	3266	857	wisconsin
1692	3668	3675	wisconsin
1693	792	337	washington
1694	802	339	washington
1695	981	972	wisconsin
1696	2027	643	texas
1697	3266	3346	wisconsin
1698	340	2294	washington
1699	2708	327	washington
1700	1099	1100	cornell
1701	3978	3672	wisconsin
1702	1639	1749	texas
1703	831	430	washington
1704	3654	456	wisconsin
1705	545	6	cornell
1706	382	3907	wisconsin
1707	3575	900	wisconsin
1708	1495	538	cornell
1709	3957	3668	wisconsin
1710	3607	3665	wisconsin
1711	545	19	cornell
1712	418	722	texas
1713	3897	886	wisconsin
1714	426	329	washington
1715	2913	786	washington
1716	3634	352	wisconsin
1717	3780	156	wisconsin
1718	162	3382	wisconsin
1719	3921	3674	wisconsin
1720	3673	3663	wisconsin
1721	2320	815	washington
1722	426	339	washington
1723	1015	387	cornell
1724	1106	1107	cornell
1725	1944	1679	texas
1726	335	2294	washington
1727	2027	728	texas
1728	1680	2072	texas
1729	3654	3674	wisconsin
1730	192	3780	wisconsin
1731	752	2294	washington
1732	666	315	texas
1733	1015	403	cornell
1734	3915	3908	wisconsin
1735	1108	574	cornell
1736	1099	1108	cornell
1737	1295	480	cornell
1738	3507	375	wisconsin
1739	102	152	washington
1740	163	199	wisconsin
1741	862	199	wisconsin
1742	30	17	cornell
1743	231	197	wisconsin
1744	860	3372	wisconsin
1745	146	2560	washington
1746	979	3498	wisconsin
1747	977	217	wisconsin
1748	3369	368	wisconsin
1749	4010	187	wisconsin
1750	3575	938	wisconsin
1751	3576	231	wisconsin
1752	2320	745	washington
1753	262	403	cornell
1754	3918	3665	wisconsin
1755	514	3	cornell
1756	956	3366	wisconsin
1757	3957	3675	wisconsin
1758	2141	274	texas
1759	1295	515	cornell
1760	2320	850	washington
1761	2335	130	washington
1762	2320	807	washington
1763	865	3575	wisconsin
1764	968	215	wisconsin
1765	2659	2711	washington
1766	1860	1933	texas
1767	933	3413	wisconsin
1768	1383	584	cornell
1769	933	3172	wisconsin
1770	1295	502	cornell
1771	2110	1681	texas
1772	3094	919	wisconsin
1773	3421	3915	wisconsin
1774	831	749	washington
1775	3921	3675	wisconsin
1776	1295	521	cornell
1777	2108	1681	texas
1778	2104	628	texas
1779	2682	811	washington
1780	1894	74	texas
1781	3197	3366	wisconsin
1782	1295	484	cornell
1783	288	1697	texas
1784	2356	786	washington
1785	2027	602	texas
1786	3666	3907	wisconsin
1787	529	31	cornell
1788	3917	3366	wisconsin
1789	956	3559	wisconsin
1790	3780	892	wisconsin
1791	2413	820	washington
1792	2027	606	texas
1793	1295	563	cornell
1794	561	1213	cornell
1795	43	1133	cornell
1796	144	336	washington
1797	3532	3213	wisconsin
1798	2320	803	washington
1799	3675	3673	wisconsin
1800	273	1719	texas
1801	2335	147	washington
1802	408	671	texas
1803	3670	3665	wisconsin
1804	3575	904	wisconsin
1805	465	860	wisconsin
1806	1679	2072	texas
1807	427	2727	washington
1808	859	169	wisconsin
1809	2536	733	washington
1810	2427	2426	washington
1811	2110	1679	texas
1812	900	208	wisconsin
1813	282	1719	texas
1814	3668	3673	wisconsin
1815	3928	3918	wisconsin
1816	203	357	wisconsin
1817	3584	360	wisconsin
1818	816	436	washington
1819	2280	133	washington
1820	3926	3670	wisconsin
1821	3676	456	wisconsin
1822	13	481	cornell
1823	573	572	cornell
1824	1680	1681	texas
1825	3916	3908	wisconsin
1826	489	254	cornell
1827	524	1295	cornell
1828	821	434	washington
1829	2027	669	texas
1830	3922	4013	wisconsin
1831	849	135	washington
1832	2661	2711	washington
1833	489	255	cornell
1834	3340	981	wisconsin
1835	361	3369	wisconsin
1836	3050	425	washington
1837	3929	3916	wisconsin
1838	452	448	wisconsin
1839	1363	468	cornell
1840	3490	364	wisconsin
1841	295	64	texas
1842	954	383	wisconsin
1843	2428	2426	washington
1844	271	1339	cornell
1845	3978	3916	wisconsin
1846	793	2294	washington
1847	182	879	wisconsin
1848	1354	32	cornell
1849	751	3037	washington
1850	1295	543	cornell
1851	1295	498	cornell
1852	3340	990	wisconsin
1853	513	1537	cornell
1854	3340	167	wisconsin
1855	3372	3634	wisconsin
1856	3346	3575	wisconsin
1857	2395	426	washington
1858	3824	3413	wisconsin
1859	2108	1679	texas
1860	3929	3675	wisconsin
1861	2027	677	texas
1862	3676	444	wisconsin
1863	3920	3665	wisconsin
1864	1295	479	cornell
1865	963	3366	wisconsin
1866	801	2294	washington
1867	1719	310	texas
1868	3921	3665	wisconsin
1869	3969	3210	wisconsin
1870	2027	590	texas
1871	3038	751	washington
1872	666	294	texas
1873	370	860	wisconsin
1874	2536	736	washington
1875	147	2568	washington
1876	3213	3543	wisconsin
1877	3429	3907	wisconsin
1878	188	3409	wisconsin
1879	133	809	washington
1880	131	320	washington
1881	857	234	wisconsin
1882	974	3532	wisconsin
1883	284	1719	texas
1884	2027	678	texas
1885	3510	3675	wisconsin
1886	3905	3824	wisconsin
1887	1719	285	texas
1888	520	1	cornell
1889	807	2294	washington
1890	3417	188	wisconsin
1891	1944	649	texas
1892	636	297	texas
1893	2768	110	washington
1894	1295	560	cornell
1895	2280	116	washington
1896	362	868	wisconsin
1897	3922	3921	wisconsin
1898	2320	821	washington
1899	1180	264	cornell
1900	3971	881	wisconsin
1901	2169	1681	texas
1902	3667	3889	wisconsin
1903	2027	615	texas
1904	1180	256	cornell
1905	2727	427	washington
1906	3496	996	wisconsin
1907	2027	608	texas
1908	455	3507	wisconsin
1909	3340	168	wisconsin
1910	3908	3918	wisconsin
1911	3576	215	wisconsin
1912	3576	214	wisconsin
1913	3271	445	wisconsin
1914	295	70	texas
1915	2825	842	washington
1916	2688	332	washington
1917	445	3496	wisconsin
1918	3667	3908	wisconsin
1919	3978	3675	wisconsin
1920	345	3674	wisconsin
1921	3213	3210	wisconsin
1922	3372	171	wisconsin
1923	1250	555	cornell
1924	2309	425	washington
1925	3889	3665	wisconsin
1926	2320	852	washington
1927	680	418	texas
1928	3607	3908	wisconsin
1929	375	167	wisconsin
1930	112	771	washington
1931	3919	3907	wisconsin
1932	4013	3665	wisconsin
1933	3889	3918	wisconsin
1934	963	3340	wisconsin
1935	1646	313	texas
1936	250	394	cornell
1937	1463	1325	cornell
1938	250	11	cornell
1939	375	3957	wisconsin
1940	2321	2294	washington
1941	3510	3916	wisconsin
1942	199	3343	wisconsin
1943	491	36	cornell
1944	1719	293	texas
1945	3676	457	wisconsin
1946	515	1537	cornell
1947	963	216	wisconsin
1948	3366	376	wisconsin
1949	3907	3978	wisconsin
1950	811	2294	washington
1951	732	427	washington
1952	3510	3665	wisconsin
1953	1606	255	cornell
1954	3780	3343	wisconsin
1955	575	396	cornell
1956	1015	392	cornell
1957	3575	985	wisconsin
1958	1295	504	cornell
1959	466	444	wisconsin
1960	234	3648	wisconsin
1961	100	83	washington
1962	1180	243	cornell
1963	2027	661	texas
1964	573	26	cornell
1965	2320	813	washington
1966	182	3343	wisconsin
1967	2795	2560	washington
1968	2027	601	texas
1969	3413	176	wisconsin
1970	1495	485	cornell
1971	2356	789	washington
1972	2713	2712	washington
1973	2427	2916	washington
1974	3575	934	wisconsin
1975	2708	343	washington
1976	1894	80	texas
1977	287	1639	texas
1978	3366	932	wisconsin
1979	339	424	washington
1980	3490	375	wisconsin
1981	3417	157	wisconsin
1982	322	329	washington
1983	3417	3824	wisconsin
1984	3928	3916	wisconsin
1985	3751	183	wisconsin
1986	534	1339	cornell
1987	3923	997	wisconsin
1988	3576	218	wisconsin
1989	3340	1003	wisconsin
1990	3159	3239	wisconsin
1991	301	78	texas
1992	375	3091	wisconsin
1993	440	818	washington
1994	382	3916	wisconsin
1995	968	222	wisconsin
1996	3239	3159	wisconsin
1997	2931	820	washington
1998	37	1363	cornell
1999	3670	3673	wisconsin
2000	418	306	texas
2001	187	3734	wisconsin
2002	345	3889	wisconsin
2003	375	168	wisconsin
2004	3889	3929	wisconsin
2005	3926	3919	wisconsin
2006	1719	315	texas
2007	3575	946	wisconsin
2008	3920	3673	wisconsin
2009	1180	249	cornell
2010	455	443	wisconsin
2011	1133	18	cornell
2012	444	3264	wisconsin
2013	2072	2169	texas
2014	2335	124	washington
2015	1180	238	cornell
2016	3664	385	wisconsin
2017	3429	3908	wisconsin
2018	500	39	cornell
2019	944	215	wisconsin
2020	88	147	washington
2021	1719	2141	texas
2022	442	2682	washington
2023	431	2653	washington
2024	3666	3665	wisconsin
2025	2027	600	texas
2026	254	393	cornell
2027	3668	3908	wisconsin
2028	3971	954	wisconsin
2029	3340	903	wisconsin
2030	432	331	washington
2031	2682	338	washington
2032	2981	2360	washington
2033	3590	913	wisconsin
2034	1971	617	texas
2035	3576	204	wisconsin
2036	3926	3671	wisconsin
2037	319	2294	washington
2038	641	79	texas
2039	233	181	wisconsin
2040	502	4	cornell
2041	3575	979	wisconsin
2042	990	445	wisconsin
2043	467	444	wisconsin
2044	2108	2110	texas
2045	2320	746	washington
2046	262	1387	cornell
2047	58	680	texas
2048	1894	69	texas
2049	1295	516	cornell
2050	3978	3889	wisconsin
2051	1295	510	cornell
2052	2027	640	texas
2053	3269	971	wisconsin
2054	900	460	wisconsin
2055	1008	3498	wisconsin
2056	394	584	cornell
2057	829	438	washington
2058	3205	3575	wisconsin
2059	402	1108	cornell
2060	3496	445	wisconsin
2061	191	3409	wisconsin
2062	2027	715	texas
2063	210	383	wisconsin
2064	183	3413	wisconsin
2065	3575	936	wisconsin
2066	743	2294	washington
2067	968	3413	wisconsin
2068	704	1719	texas
2069	187	199	wisconsin
2070	219	3634	wisconsin
2071	3670	3889	wisconsin
2072	2335	107	washington
2073	1719	289	texas
2074	1015	405	cornell
2075	2320	766	washington
2076	1450	393	cornell
2077	232	913	wisconsin
2078	1247	28	cornell
2079	362	195	wisconsin
2080	859	193	wisconsin
2081	3654	3908	wisconsin
2082	1743	705	texas
2083	1339	1015	cornell
2084	3264	363	wisconsin
2085	3575	1003	wisconsin
2086	2913	850	washington
2087	904	3340	wisconsin
2088	1295	568	cornell
2089	3429	3918	wisconsin
2090	630	1639	texas
2091	857	194	wisconsin
2092	3782	3580	wisconsin
2093	968	186	wisconsin
2094	2320	827	washington
2095	351	458	wisconsin
2096	615	1639	texas
2097	1015	388	cornell
2098	2320	833	washington
2099	255	1383	cornell
2100	3575	954	wisconsin
2101	3673	3918	wisconsin
2102	1295	553	cornell
2103	981	357	wisconsin
2104	1680	2110	texas
2105	99	343	washington
2106	1015	389	cornell
2107	583	244	cornell
2108	850	2294	washington
2109	2355	2980	washington
2110	2320	824	washington
2111	1606	248	cornell
2112	666	297	texas
2113	2	389	cornell
2114	3663	3908	wisconsin
2115	2088	1697	texas
2116	3490	369	wisconsin
2117	3575	1001	wisconsin
2118	3510	3918	wisconsin
2119	2286	757	washington
2120	981	861	wisconsin
2121	270	10	cornell
2122	942	445	wisconsin
2123	3919	3665	wisconsin
2124	2659	2660	washington
2125	194	3413	wisconsin
2126	3576	221	wisconsin
2127	1295	511	cornell
2128	963	156	wisconsin
2129	2727	425	washington
2130	2027	703	texas
2131	408	627	texas
2132	2320	764	washington
2133	3584	945	wisconsin
2134	3575	920	wisconsin
2135	2072	1681	texas
2136	3340	948	wisconsin
2137	2027	683	texas
2138	73	276	texas
2139	3915	3918	wisconsin
2140	3266	446	wisconsin
2141	820	810	washington
2142	3918	3889	wisconsin
2143	3576	222	wisconsin
2144	548	1526	cornell
2145	3664	3929	wisconsin
2146	558	559	cornell
2147	3925	3918	wisconsin
2148	2039	705	texas
2149	2027	702	texas
2150	3417	191	wisconsin
2151	1996	1749	texas
2152	3614	894	wisconsin
2153	2355	791	washington
2154	435	341	washington
2155	3575	925	wisconsin
2156	3341	931	wisconsin
2157	3575	907	wisconsin
2158	1180	240	cornell
2159	473	397	cornell
2160	823	2928	washington
2161	751	2301	washington
2162	3093	375	wisconsin
2163	2320	839	washington
2164	192	892	wisconsin
2165	771	428	washington
2166	1133	21	cornell
2167	2320	814	washington
2168	3925	3675	wisconsin
2169	3413	165	wisconsin
2170	302	416	texas
2171	3669	3670	wisconsin
2172	931	444	wisconsin
2173	3607	3907	wisconsin
2174	562	387	cornell
2175	952	155	wisconsin
2176	1646	408	texas
2177	983	367	wisconsin
2178	638	421	texas
2179	3496	907	wisconsin
2180	3957	3918	wisconsin
2181	153	3417	wisconsin
2182	161	884	wisconsin
2183	2286	751	washington
2184	893	222	wisconsin
2185	289	77	texas
2186	3417	154	wisconsin
2187	2727	2309	washington
2188	161	3782	wisconsin
2189	3922	3978	wisconsin
2190	198	938	wisconsin
2191	3580	3413	wisconsin
2192	3674	3673	wisconsin
2193	193	3343	wisconsin
2194	3575	879	wisconsin
2195	820	2416	washington
2196	389	469	cornell
2197	3166	914	wisconsin
2198	2711	2660	washington
2199	464	467	wisconsin
2200	3576	223	wisconsin
2201	174	352	wisconsin
2202	3576	219	wisconsin
2203	2713	799	washington
2204	3669	3908	wisconsin
2205	19	1082	cornell
2206	3654	3663	wisconsin
2207	3926	3920	wisconsin
2208	2335	99	washington
2209	1564	548	cornell
2210	3915	3889	wisconsin
2211	467	349	wisconsin
2212	3584	458	wisconsin
2213	3293	222	wisconsin
2214	3381	3368	wisconsin
2215	3440	160	wisconsin
2216	3429	3889	wisconsin
2217	1495	498	cornell
2218	194	3648	wisconsin
2219	3994	942	wisconsin
2220	1944	610	texas
2221	2320	855	washington
2222	2027	656	texas
2223	3210	3543	wisconsin
2224	351	444	wisconsin
2225	1180	261	cornell
2226	234	857	wisconsin
2227	221	381	wisconsin
2228	3575	948	wisconsin
2229	1107	1101	cornell
2230	181	3343	wisconsin
2231	157	199	wisconsin
2232	2027	647	texas
2233	89	320	washington
2234	3580	199	wisconsin
2235	3676	458	wisconsin
2236	3368	3382	wisconsin
2237	3654	382	wisconsin
2238	3249	3250	wisconsin
2239	2825	2294	washington
2240	408	418	texas
2241	197	1001	wisconsin
2242	1295	569	cornell
2243	1597	577	cornell
2244	171	352	wisconsin
2245	1938	1861	texas
2246	924	383	wisconsin
2247	1108	472	cornell
2248	1295	542	cornell
2249	1220	43	cornell
2250	439	338	washington
2251	3138	3621	wisconsin
2252	938	198	wisconsin
2253	2072	2110	texas
2254	2027	634	texas
2255	3664	3510	wisconsin
2256	3674	3907	wisconsin
2257	2320	828	washington
2258	832	2294	washington
2259	362	3498	wisconsin
2260	2027	652	texas
2261	2454	2294	washington
2262	3197	987	wisconsin
2263	1418	386	cornell
2264	1383	469	cornell
2265	2320	802	washington
2266	3366	917	wisconsin
2267	3575	877	wisconsin
2268	3575	1006	wisconsin
2269	1003	3084	wisconsin
2270	2169	2105	texas
2271	3669	3916	wisconsin
2272	413	648	texas
2273	1101	1100	cornell
2274	2335	101	washington
2275	2710	2659	washington
2276	385	3929	wisconsin
2277	1409	565	cornell
2278	2027	604	texas
2279	429	851	washington
2280	2912	338	washington
2281	3595	3239	wisconsin
2282	588	405	cornell
2283	3664	3918	wisconsin
2284	2027	630	texas
2285	3969	3213	wisconsin
2286	3488	923	wisconsin
2287	385	3673	wisconsin
2288	385	3663	wisconsin
2289	2027	625	texas
2290	2682	853	washington
2291	1681	2110	texas
2292	3676	462	wisconsin
2293	1646	420	texas
2294	1173	513	cornell
2295	2466	2468	washington
2296	375	357	wisconsin
2297	820	738	washington
2298	3923	3648	wisconsin
2299	3614	898	wisconsin
2300	2027	609	texas
2301	572	573	cornell
2302	1606	243	cornell
2303	2320	775	washington
2304	2169	2110	texas
2305	1180	262	cornell
2306	153	3780	wisconsin
2307	2320	822	washington
2308	458	444	wisconsin
2309	766	2294	washington
2310	445	3340	wisconsin
2311	3575	884	wisconsin
2312	3929	3918	wisconsin
2313	3184	3366	wisconsin
2314	2320	763	washington
2315	3366	3197	wisconsin
2316	3929	3908	wisconsin
2317	2027	628	texas
2318	3535	211	wisconsin
2319	1106	1099	cornell
2320	833	2912	washington
2321	3908	3916	wisconsin
2322	3920	3908	wisconsin
2323	2360	2980	washington
2324	3663	3889	wisconsin
2325	829	2294	washington
2326	3429	3665	wisconsin
2327	1180	258	cornell
2328	352	236	wisconsin
2329	1606	257	cornell
2330	423	316	texas
2331	2141	281	texas
2332	1295	468	cornell
2333	1108	1100	cornell
2334	496	33	cornell
2335	3614	903	wisconsin
2336	194	3343	wisconsin
2337	670	1639	texas
2338	3669	3674	wisconsin
2339	2708	337	washington
2340	1387	243	cornell
2341	99	2294	washington
2342	3206	969	wisconsin
2343	3669	3673	wisconsin
2344	997	3923	wisconsin
2345	3907	3663	wisconsin
2346	3507	455	wisconsin
2347	252	10	cornell
2348	126	324	washington
2349	946	377	wisconsin
2350	2320	739	washington
2351	1495	513	cornell
2352	1099	1107	cornell
2353	3037	763	washington
2354	1247	29	cornell
2355	583	243	cornell
2356	4013	3889	wisconsin
2357	3265	465	wisconsin
2358	2713	807	washington
2359	1719	290	texas
2360	402	1107	cornell
2361	1036	1423	cornell
2362	2280	132	washington
2363	2027	691	texas
2364	2027	725	texas
2365	454	860	wisconsin
2366	2335	136	washington
2367	1719	297	texas
2368	1003	445	wisconsin
2369	520	35	cornell
2370	3664	3665	wisconsin
2371	3094	1007	wisconsin
2372	2035	293	texas
2373	979	3535	wisconsin
2374	210	222	wisconsin
2375	3369	365	wisconsin
2376	810	2294	washington
2377	993	221	wisconsin
2378	3824	3905	wisconsin
2379	900	380	wisconsin
2380	3969	3543	wisconsin
2381	1100	1107	cornell
2382	574	1591	cornell
2383	448	946	wisconsin
2384	1944	644	texas
2385	1719	300	texas
2386	345	3664	wisconsin
2387	2027	610	texas
2388	616	1639	texas
2389	3654	3918	wisconsin
2390	499	1515	cornell
2391	2360	791	washington
2392	71	293	texas
2393	750	2297	washington
2394	3575	906	wisconsin
2395	234	3413	wisconsin
2396	1295	495	cornell
2397	360	450	wisconsin
2398	2916	2913	washington
2399	3575	974	wisconsin
2400	198	965	wisconsin
2401	3575	987	wisconsin
2402	3340	364	wisconsin
2403	3927	3675	wisconsin
2404	1681	2072	texas
2405	946	453	wisconsin
2406	3575	908	wisconsin
2407	2335	113	washington
2408	3340	897	wisconsin
2409	840	839	washington
2410	3575	911	wisconsin
2411	903	364	wisconsin
2412	186	968	wisconsin
2413	32	1354	cornell
2414	3634	236	wisconsin
2415	3667	3665	wisconsin
2416	334	93	washington
2417	856	460	wisconsin
2418	350	173	wisconsin
2419	2916	828	washington
2420	156	3409	wisconsin
2421	1180	246	cornell
2422	938	217	wisconsin
2423	2563	2795	washington
2424	1133	9	cornell
2425	2087	64	texas
2426	1295	507	cornell
2427	2320	777	washington
2428	1480	588	cornell
2429	382	3673	wisconsin
2430	3532	3543	wisconsin
2431	1515	388	cornell
2432	3303	978	wisconsin
2433	909	867	wisconsin
2434	3674	3665	wisconsin
2435	3576	202	wisconsin
2436	920	3169	wisconsin
2437	3131	221	wisconsin
2438	1003	366	wisconsin
2439	2335	141	washington
2440	1423	3	cornell
2441	3575	956	wisconsin
2442	3166	217	wisconsin
2443	905	357	wisconsin
2444	3672	3675	wisconsin
2445	538	2	cornell
2446	1295	522	cornell
2447	193	233	wisconsin
2448	244	14	cornell
2449	232	985	wisconsin
2450	3576	229	wisconsin
2451	3668	3665	wisconsin
2452	3654	3421	wisconsin
2453	3919	3673	wisconsin
2454	3575	887	wisconsin
2455	2931	2414	washington
2456	265	588	cornell
2457	3341	891	wisconsin
2458	3381	357	wisconsin
2459	3266	447	wisconsin
2460	1295	496	cornell
2461	1295	503	cornell
2462	9	262	cornell
2463	944	165	wisconsin
2464	334	92	washington
2465	513	509	cornell
2466	269	7	cornell
2467	3907	3929	wisconsin
2468	3341	349	wisconsin
2469	737	331	washington
2470	2710	2713	washington
2471	2320	841	washington
2472	755	2294	washington
2473	2027	611	texas
2474	1354	33	cornell
2475	197	877	wisconsin
2476	3575	881	wisconsin
2477	828	2917	washington
2478	2061	1639	texas
2479	1295	552	cornell
2480	1746	705	texas
2481	3674	3889	wisconsin
2482	913	3590	wisconsin
2483	3907	3672	wisconsin
2484	857	377	wisconsin
2485	408	646	texas
2486	3515	3250	wisconsin
2487	3918	3916	wisconsin
2488	3507	986	wisconsin
2489	3575	897	wisconsin
2490	413	649	texas
2491	3926	3918	wisconsin
2492	186	3409	wisconsin
2493	831	813	washington
2494	165	3346	wisconsin
2495	472	1295	cornell
2496	3584	916	wisconsin
2497	469	250	cornell
2498	3994	915	wisconsin
2499	3217	460	wisconsin
2500	2027	655	texas
2501	1178	1015	cornell
2502	1933	1861	texas
2503	3927	3665	wisconsin
2504	3366	964	wisconsin
2505	815	2937	washington
2506	904	3303	wisconsin
2507	3507	903	wisconsin
2508	63	306	texas
2509	535	504	cornell
2510	1646	412	texas
2511	1295	537	cornell
2512	19	1464	cornell
2513	2355	2360	washington
2514	232	979	wisconsin
2515	311	2026	texas
2516	453	946	wisconsin
2517	855	2294	washington
2518	3605	357	wisconsin
2519	285	54	texas
2520	740	434	washington
2521	3267	3346	wisconsin
2522	2335	119	washington
2523	2335	108	washington
2524	2335	110	washington
2525	2027	619	texas
2526	345	3907	wisconsin
2527	3928	3978	wisconsin
2528	2279	779	washington
2529	529	32	cornell
2530	423	422	texas
2531	932	443	wisconsin
2532	2301	142	washington
2533	1552	534	cornell
2534	2682	734	washington
2535	447	946	wisconsin
2536	1101	1107	cornell
2537	2682	764	washington
2538	424	2294	washington
2539	6	1464	cornell
2540	1295	551	cornell
2541	2682	841	washington
2542	1180	254	cornell
2543	224	370	wisconsin
2544	1295	587	cornell
2545	1295	550	cornell
2546	3535	979	wisconsin
2547	1473	386	cornell
2548	2320	781	washington
2549	3008	320	washington
2550	636	309	texas
2551	231	938	wisconsin
2552	3184	3676	wisconsin
2553	2414	2413	washington
2554	3151	933	wisconsin
2555	1552	505	cornell
2556	408	306	texas
2557	819	437	washington
2558	2335	150	washington
2559	3922	3666	wisconsin
2560	3674	3510	wisconsin
2561	3496	990	wisconsin
2562	2320	825	washington
2563	2320	854	washington
2564	3584	444	wisconsin
2565	3559	3303	wisconsin
2566	2682	332	washington
2567	822	2294	washington
2568	3576	198	wisconsin
2569	1944	1639	texas
2570	588	1295	cornell
2571	3675	3665	wisconsin
2572	960	377	wisconsin
2573	3671	3673	wisconsin
2574	3971	916	wisconsin
2575	315	413	texas
2576	820	2414	washington
2577	466	360	wisconsin
2578	2027	718	texas
2579	3250	457	wisconsin
2580	456	344	wisconsin
2581	857	3648	wisconsin
2582	3575	913	wisconsin
2583	265	405	cornell
2584	377	960	wisconsin
2585	665	291	texas
2586	246	32	cornell
2587	1180	247	cornell
2588	2320	750	washington
2589	3340	935	wisconsin
2590	3580	3172	wisconsin
2591	828	2427	washington
2592	385	3675	wisconsin
2593	977	211	wisconsin
2594	3264	3341	wisconsin
2595	1646	414	texas
2596	3673	3421	wisconsin
2597	617	1971	texas
2598	3824	3343	wisconsin
2599	2169	2072	texas
2600	3340	176	wisconsin
2601	186	199	wisconsin
2602	56	1861	texas
2603	2615	818	washington
2604	231	347	wisconsin
2605	1106	1101	cornell
2606	3575	922	wisconsin
2607	3543	3210	wisconsin
2608	918	3994	wisconsin
2609	418	680	texas
2610	501	23	cornell
2611	322	2768	washington
2612	3575	953	wisconsin
2613	3575	880	wisconsin
2614	848	2294	washington
2615	377	218	wisconsin
2616	3916	3889	wisconsin
2617	499	21	cornell
2618	3575	957	wisconsin
2619	3734	187	wisconsin
2620	3340	894	wisconsin
2621	183	857	wisconsin
2622	893	3575	wisconsin
2623	2320	792	washington
2624	976	215	wisconsin
2625	334	91	washington
2626	772	2334	washington
2627	3213	3969	wisconsin
2628	429	331	washington
2629	535	6	cornell
2630	1008	446	wisconsin
2631	1015	398	cornell
2632	3197	357	wisconsin
2633	665	417	texas
2634	3575	860	wisconsin
2635	3575	916	wisconsin
2636	674	1639	texas
2637	535	19	cornell
2638	3840	3158	wisconsin
2639	748	434	washington
2640	2913	739	washington
2641	193	199	wisconsin
2642	1001	197	wisconsin
2643	2390	819	washington
2644	1862	1861	texas
2645	975	344	wisconsin
2646	3008	337	washington
2647	811	440	washington
2648	794	433	washington
2649	944	199	wisconsin
2650	300	1639	texas
2651	1295	531	cornell
2652	666	48	texas
2653	1679	1680	texas
2654	933	3580	wisconsin
2655	1180	259	cornell
2656	2320	816	washington
2657	2027	614	texas
2658	2027	594	texas
2659	3091	357	wisconsin
2660	322	436	washington
2661	548	22	cornell
2662	847	140	washington
2663	501	22	cornell
2664	3607	3915	wisconsin
2665	2335	129	washington
2666	1857	1933	texas
2667	434	2706	washington
2668	804	424	washington
2669	390	391	cornell
2670	3666	3918	wisconsin
2671	2711	2712	washington
2672	2980	791	washington
2673	3669	3925	wisconsin
2674	2335	128	washington
2675	3575	942	wisconsin
2676	984	227	wisconsin
2677	211	372	wisconsin
2678	558	39	cornell
2679	584	1383	cornell
2680	226	3482	wisconsin
2681	3836	3676	wisconsin
2682	2027	731	texas
2683	246	401	cornell
2684	3666	3889	wisconsin
2685	2916	2427	washington
2686	363	3341	wisconsin
2687	375	176	wisconsin
2688	2713	342	washington
2689	3673	3978	wisconsin
2690	192	199	wisconsin
2691	456	3510	wisconsin
2692	2320	737	washington
2693	2027	720	texas
2694	762	3009	washington
2695	1295	535	cornell
2696	667	412	texas
2697	2089	1697	texas
2698	3927	3889	wisconsin
2699	165	874	wisconsin
2700	763	3008	washington
2701	2061	648	texas
2702	991	185	wisconsin
2703	2335	120	washington
2704	2560	2795	washington
2705	198	1004	wisconsin
2706	1295	545	cornell
2707	3575	994	wisconsin
2708	777	2294	washington
2709	2917	2427	washington
2710	3916	3918	wisconsin
2711	1894	58	texas
2712	418	704	texas
2713	558	500	cornell
2714	1180	244	cornell
2715	3734	3343	wisconsin
2716	3641	460	wisconsin
2717	711	81	texas
2718	2427	2913	washington
2719	940	205	wisconsin
2720	3926	3668	wisconsin
2721	3584	994	wisconsin
2722	2790	2795	washington
2723	3925	3889	wisconsin
2724	3575	872	wisconsin
2725	2027	663	texas
2726	1515	250	cornell
2727	497	255	cornell
2728	362	1008	wisconsin
2729	558	549	cornell
2730	3490	357	wisconsin
2731	111	324	washington
2732	385	3908	wisconsin
2733	185	347	wisconsin
2734	3366	905	wisconsin
2735	3575	931	wisconsin
2736	2320	837	washington
2737	2320	845	washington
2738	2913	2917	washington
2739	3927	3916	wisconsin
2740	3576	216	wisconsin
2741	289	1639	texas
2742	843	2294	washington
2743	946	3266	wisconsin
2744	2027	617	texas
2745	2654	2294	washington
2746	408	409	texas
2747	56	1857	texas
2748	345	3916	wisconsin
2749	181	3409	wisconsin
2750	2320	804	washington
2751	3576	213	wisconsin
2752	175	356	wisconsin
2753	3576	217	wisconsin
2754	1719	292	texas
2755	198	888	wisconsin
2756	1606	262	cornell
2757	982	157	wisconsin
2758	2320	755	washington
2759	1099	1101	cornell
2760	997	198	wisconsin
2761	2027	659	texas
2762	963	187	wisconsin
2763	344	3421	wisconsin
2764	1606	1339	cornell
2765	708	1639	texas
2766	432	2294	washington
2767	2088	288	texas
2768	2414	2931	washington
2769	1337	267	cornell
2770	944	154	wisconsin
2771	3576	209	wisconsin
2772	2027	660	texas
2773	3889	3908	wisconsin
2774	3421	3918	wisconsin
2775	3926	3907	wisconsin
2776	3671	3889	wisconsin
2777	969	3545	wisconsin
2778	3413	174	wisconsin
2779	189	197	wisconsin
2780	3575	878	wisconsin
2781	1295	492	cornell
2782	652	1639	texas
2783	3507	964	wisconsin
2784	2280	117	washington
2785	3676	459	wisconsin
2786	190	199	wisconsin
2787	3978	3674	wisconsin
2788	156	3343	wisconsin
2789	2027	688	texas
2790	255	497	cornell
2791	2928	337	washington
2792	3575	885	wisconsin
2793	146	2790	washington
2794	671	418	texas
2795	618	416	texas
2796	3978	3671	wisconsin
2797	1942	301	texas
2798	991	222	wisconsin
2799	2027	673	texas
2800	2280	131	washington
2801	3634	174	wisconsin
2802	148	89	washington
2803	2027	605	texas
2804	454	370	wisconsin
2805	528	38	cornell
2806	933	211	wisconsin
2807	611	64	texas
2808	3417	192	wisconsin
2809	1295	530	cornell
2810	385	3907	wisconsin
2811	196	3634	wisconsin
2812	1295	565	cornell
2813	3239	3158	wisconsin
2814	3737	156	wisconsin
2815	3672	3671	wisconsin
2816	4013	3918	wisconsin
2817	751	427	washington
2818	1646	417	texas
2819	236	174	wisconsin
2820	272	1719	texas
2821	648	1639	texas
2822	251	13	cornell
2823	658	420	texas
2824	848	331	washington
2825	3607	3672	wisconsin
2826	277	1719	texas
2827	1719	306	texas
2828	231	997	wisconsin
2829	2027	701	texas
2830	515	1250	cornell
2831	2659	2713	washington
2832	3559	220	wisconsin
2833	199	3417	wisconsin
2834	146	2795	washington
2835	2912	801	washington
2836	4013	3907	wisconsin
2837	3816	3409	wisconsin
2838	840	854	washington
2839	900	382	wisconsin
2840	385	3674	wisconsin
2841	3584	467	wisconsin
2842	231	921	wisconsin
2843	940	3576	wisconsin
2844	709	1639	texas
2845	136	340	washington
2846	2320	759	washington
2847	3676	445	wisconsin
2848	2027	591	texas
2849	2335	135	washington
2850	397	20	cornell
2851	3346	3498	wisconsin
2852	2141	277	texas
2853	1537	513	cornell
2854	185	197	wisconsin
2855	3429	3674	wisconsin
2856	1076	16	cornell
2857	3429	3921	wisconsin
2858	3331	365	wisconsin
2859	2321	329	washington
2860	3576	200	wisconsin
2861	963	220	wisconsin
2862	2426	2428	washington
2863	3670	3675	wisconsin
2864	362	446	wisconsin
2865	3094	943	wisconsin
2866	812	329	washington
2867	514	32	cornell
2868	2027	706	texas
2869	3926	3908	wisconsin
2870	535	554	cornell
2871	938	213	wisconsin
2872	457	3249	wisconsin
2873	3969	3532	wisconsin
2874	120	85	washington
2875	3780	3409	wisconsin
2876	2320	847	washington
2877	3915	3916	wisconsin
2878	2335	114	washington
2879	548	6	cornell
2880	1247	6	cornell
2881	3605	948	wisconsin
2882	2320	811	washington
2883	2027	723	texas
2884	1383	259	cornell
2885	1100	1108	cornell
2886	1936	1861	texas
2887	2720	2719	washington
2888	414	1666	texas
2889	388	584	cornell
2890	537	13	cornell
2891	548	19	cornell
2892	849	112	washington
2893	234	233	wisconsin
2894	1247	19	cornell
2895	2320	752	washington
2896	3340	972	wisconsin
2897	3575	896	wisconsin
2898	2280	111	washington
2899	702	416	texas
2900	3575	964	wisconsin
2901	933	161	wisconsin
2902	958	443	wisconsin
2903	499	250	cornell
2904	3957	3672	wisconsin
2905	1220	4	cornell
2906	2027	616	texas
2907	2027	685	texas
2908	3663	3674	wisconsin
2909	1295	534	cornell
2910	2027	710	texas
2911	3921	3889	wisconsin
2912	1591	1022	cornell
2913	295	76	texas
2914	3575	939	wisconsin
2915	1295	520	cornell
2916	3575	988	wisconsin
2917	578	397	cornell
2918	366	990	wisconsin
2919	4013	3674	wisconsin
2920	2916	2917	washington
2921	2061	641	texas
2922	3158	3159	wisconsin
2923	2280	137	washington
2924	366	1003	wisconsin
2925	3919	3916	wisconsin
2926	2301	425	washington
2927	1007	379	wisconsin
2928	3213	3532	wisconsin
2929	1418	392	cornell
2930	2335	140	washington
2931	185	997	wisconsin
2932	3340	366	wisconsin
2933	459	883	wisconsin
2934	3429	3667	wisconsin
2935	2727	441	washington
2936	353	459	wisconsin
2937	1354	486	cornell
2938	3575	869	wisconsin
2939	2713	335	washington
2940	1646	308	texas
2941	3584	998	wisconsin
2942	974	3213	wisconsin
2943	3922	3673	wisconsin
2944	2320	799	washington
2945	56	1858	texas
2946	756	2307	washington
2947	1646	413	texas
2948	1295	556	cornell
2949	3929	3674	wisconsin
2950	583	397	cornell
2951	2027	597	texas
2952	404	1316	cornell
2953	818	440	washington
2954	766	2331	washington
2955	2320	836	washington
2956	2395	436	washington
2957	1022	1213	cornell
2958	3535	197	wisconsin
2959	948	375	wisconsin
2960	3667	3421	wisconsin
2961	2615	811	washington
2962	1719	286	texas
2963	3669	3889	wisconsin
2964	185	921	wisconsin
2965	3421	3916	wisconsin
2966	2335	109	washington
2967	440	841	washington
2968	136	842	washington
2969	944	195	wisconsin
2970	2426	2917	washington
2971	1076	22	cornell
2972	781	2294	washington
2973	2560	2563	washington
2974	2169	1679	texas
2975	705	1744	texas
2976	940	211	wisconsin
2977	1108	475	cornell
2978	3341	383	wisconsin
2979	1295	488	cornell
2980	798	2294	washington
2981	2615	841	washington
2982	775	2294	washington
2983	2917	2916	washington
2984	2039	1746	texas
2985	3575	875	wisconsin
2986	2937	2335	washington
2987	2104	682	texas
2988	3970	220	wisconsin
2989	3575	915	wisconsin
2990	3918	3908	wisconsin
2991	756	2294	washington
2992	2320	834	washington
2993	182	3409	wisconsin
2994	1295	536	cornell
2995	185	938	wisconsin
2996	3907	3916	wisconsin
2997	797	333	washington
2998	904	3366	wisconsin
2999	2027	633	texas
3000	704	306	texas
3001	36	244	cornell
3002	3404	162	wisconsin
3003	637	412	texas
3004	3671	3908	wisconsin
3005	2720	2653	washington
3006	3575	902	wisconsin
3007	3151	888	wisconsin
3008	1188	248	cornell
3009	433	2712	washington
3010	1932	1862	texas
3011	2027	711	texas
3012	1606	250	cornell
3013	3340	942	wisconsin
3014	1894	64	texas
3015	357	3382	wisconsin
3016	2913	431	washington
3017	832	438	washington
3018	957	3369	wisconsin
3019	3889	3675	wisconsin
3020	2335	139	washington
3021	197	885	wisconsin
3022	3665	3918	wisconsin
3023	1746	301	texas
3024	760	2294	washington
3025	413	644	texas
3026	459	861	wisconsin
3027	549	39	cornell
3028	592	1944	texas
3029	1515	395	cornell
3030	691	292	texas
3031	2320	796	washington
3032	2027	708	texas
3033	2320	742	washington
3034	976	3091	wisconsin
3035	337	781	washington
3036	762	2294	washington
3037	1295	477	cornell
3038	1295	555	cornell
3039	147	88	washington
3040	588	265	cornell
3041	2027	668	texas
3042	394	250	cornell
3043	302	51	texas
3044	2536	814	washington
3045	3575	893	wisconsin
3046	3668	3907	wisconsin
3047	2320	748	washington
3048	153	199	wisconsin
3049	3507	932	wisconsin
3050	2708	342	washington
3051	3648	3239	wisconsin
3052	620	421	texas
3053	1639	1996	texas
3054	1005	153	wisconsin
3055	666	1639	texas
3056	2110	1680	texas
3057	3366	983	wisconsin
3058	1971	75	texas
3059	3614	897	wisconsin
3060	1295	509	cornell
3061	1295	527	cornell
3062	2108	1680	texas
3063	3920	3674	wisconsin
3064	3584	898	wisconsin
3065	1295	561	cornell
3066	537	6	cornell
3067	2027	712	texas
3068	624	1639	texas
3069	3543	3969	wisconsin
3070	3925	3916	wisconsin
3071	251	8	cornell
3072	831	737	washington
3073	3926	3675	wisconsin
3074	295	1702	texas
3075	458	3971	wisconsin
3076	3978	3673	wisconsin
3077	421	729	texas
3078	3676	464	wisconsin
3079	537	19	cornell
3080	3366	976	wisconsin
3081	702	1639	texas
3082	459	353	wisconsin
3083	2913	2428	washington
3084	840	842	washington
3085	900	217	wisconsin
3086	285	82	texas
3087	1719	303	texas
3088	3575	930	wisconsin
3089	345	3918	wisconsin
3090	881	3621	wisconsin
3091	515	13	cornell
3092	1295	526	cornell
3093	3994	1001	wisconsin
3094	1463	19	cornell
3095	2713	803	washington
3096	402	1101	cornell
3097	3907	3918	wisconsin
3098	869	3440	wisconsin
3099	1383	254	cornell
3100	2027	686	texas
3101	3303	883	wisconsin
3102	1894	70	texas
3103	3957	3908	wisconsin
3104	606	1639	texas
3105	3341	351	wisconsin
3106	2335	103	washington
3107	3413	195	wisconsin
3108	3575	968	wisconsin
3109	2980	2360	washington
3110	3866	190	wisconsin
3111	2027	670	texas
3112	255	495	cornell
3113	161	199	wisconsin
3114	3909	3984	wisconsin
3115	3672	3908	wisconsin
3116	3543	3213	wisconsin
3117	3676	460	wisconsin
3118	3580	372	wisconsin
3119	3921	3673	wisconsin
3120	638	1639	texas
3121	2413	2414	washington
3122	3907	3671	wisconsin
3123	893	214	wisconsin
3124	3159	3595	wisconsin
3125	2560	146	washington
3126	3366	892	wisconsin
3127	3922	3665	wisconsin
3128	1414	1015	cornell
3129	705	1743	texas
3130	2708	340	washington
3131	3575	919	wisconsin
3132	3575	856	wisconsin
3133	831	825	washington
3134	3889	3916	wisconsin
3135	333	436	washington
3136	250	388	cornell
3137	232	877	wisconsin
3138	238	16	cornell
3139	2682	818	washington
3140	364	981	wisconsin
3141	3507	1002	wisconsin
3142	1000	197	wisconsin
3143	159	3409	wisconsin
3144	545	23	cornell
3145	3663	3675	wisconsin
3146	422	2087	texas
3147	2711	2710	washington
3148	3559	3340	wisconsin
3149	4010	911	wisconsin
3150	135	94	washington
3151	2027	657	texas
3152	3421	3665	wisconsin
3153	865	3091	wisconsin
3154	2320	778	washington
3155	1180	263	cornell
3156	2427	2917	washington
3157	3643	364	wisconsin
3158	2320	747	washington
3159	1180	266	cornell
3160	1101	1099	cornell
3161	281	1719	texas
3162	3172	156	wisconsin
3163	297	45	texas
3164	3672	3918	wisconsin
3165	2320	800	washington
3166	1295	572	cornell
3167	1007	3094	wisconsin
3168	3971	931	wisconsin
3169	764	338	washington
3170	2335	148	washington
3171	3978	3908	wisconsin
3172	3970	3197	wisconsin
3173	232	936	wisconsin
3174	3824	3897	wisconsin
3175	1295	577	cornell
3176	364	903	wisconsin
3177	2660	2661	washington
3178	1076	17	cornell
3179	1526	1464	cornell
3180	661	69	texas
3181	1180	260	cornell
3182	2688	2294	washington
3183	183	3751	wisconsin
3184	893	3184	wisconsin
3185	2790	2563	washington
3186	2169	1680	texas
3187	377	946	wisconsin
3188	2428	2917	washington
3189	604	418	texas
3190	454	3372	wisconsin
3191	3303	861	wisconsin
3192	3927	3918	wisconsin
3193	515	2	cornell
3194	3575	858	wisconsin
3195	3667	3978	wisconsin
3196	3816	3580	wisconsin
3197	1646	410	texas
3198	3575	870	wisconsin
3199	3510	3674	wisconsin
3200	227	374	wisconsin
3201	267	1337	cornell
3202	2320	789	washington
3203	3663	3916	wisconsin
3204	2027	727	texas
3205	939	443	wisconsin
3206	603	1639	texas
3207	2027	653	texas
3208	3919	3889	wisconsin
3209	3663	3918	wisconsin
3210	663	1639	texas
3211	3928	3674	wisconsin
3212	2027	724	texas
3213	3250	3249	wisconsin
3214	1108	1099	cornell
3215	3559	3366	wisconsin
3216	2320	765	washington
3217	995	3978	wisconsin
3218	3919	3908	wisconsin
3219	3600	217	wisconsin
3220	3217	978	wisconsin
3221	840	836	washington
3222	345	3421	wisconsin
3223	2335	121	washington
3224	216	357	wisconsin
3225	283	1719	texas
3226	3575	873	wisconsin
3227	964	3197	wisconsin
3228	101	92	washington
3229	187	3737	wisconsin
3230	2320	842	washington
3231	2335	127	washington
3232	364	3382	wisconsin
3233	3928	3907	wisconsin
3234	3266	451	wisconsin
3235	2320	832	washington
3236	816	425	washington
3237	3671	3916	wisconsin
3238	396	1495	cornell
3239	2320	735	washington
3240	2309	441	washington
3241	108	84	washington
3242	2027	690	texas
3243	3620	215	wisconsin
3244	2790	146	washington
3245	2027	613	texas
3246	769	2335	washington
3247	695	412	texas
3248	1015	393	cornell
3249	3908	3889	wisconsin
3250	286	1639	texas
3251	339	2294	washington
3252	2320	840	washington
3253	3575	910	wisconsin
3254	3664	3663	wisconsin
3255	1894	63	texas
3256	432	2654	washington
3257	952	3164	wisconsin
3258	3667	3673	wisconsin
3259	3575	1000	wisconsin
3260	331	432	washington
3261	590	1942	texas
3262	4013	3908	wisconsin
3263	3266	461	wisconsin
3264	1646	415	texas
3265	3413	236	wisconsin
3266	1719	311	texas
3267	250	395	cornell
3268	2335	126	washington
3269	3429	3978	wisconsin
3270	933	199	wisconsin
3271	528	10	cornell
3272	377	857	wisconsin
3273	3584	924	wisconsin
3274	2928	430	washington
3275	504	13	cornell
3276	772	2294	washington
3277	2035	306	texas
3278	3641	206	wisconsin
3279	2072	1679	texas
3280	3978	4013	wisconsin
3281	3921	3916	wisconsin
3282	313	1639	texas
3283	3093	445	wisconsin
3284	433	2660	washington
3285	243	15	cornell
3286	2560	2790	washington
3287	1295	575	cornell
3288	938	211	wisconsin
3289	3303	948	wisconsin
3290	3668	3674	wisconsin
3291	3164	155	wisconsin
3292	3575	867	wisconsin
3293	942	3366	wisconsin
3294	778	2294	washington
3295	3667	3663	wisconsin
3296	3421	3672	wisconsin
3297	2027	671	texas
3298	2141	283	texas
3299	573	563	cornell
3300	313	52	texas
3301	3665	3674	wisconsin
3302	2027	713	texas
3303	3177	3094	wisconsin
3304	356	175	wisconsin
3305	2913	834	washington
3306	442	2294	washington
3307	1495	493	cornell
3308	2027	682	texas
3309	3166	211	wisconsin
3310	875	3131	wisconsin
3311	1295	570	cornell
3312	2104	627	texas
3313	903	357	wisconsin
3314	672	1639	texas
3315	214	162	wisconsin
3316	565	1409	cornell
3317	1295	589	cornell
3318	1860	1862	texas
3319	1894	313	texas
3320	593	1639	texas
3321	2335	123	washington
3322	2027	645	texas
3323	14	244	cornell
3324	1938	1933	texas
3325	842	2825	washington
3326	857	3498	wisconsin
3327	2910	2320	washington
3328	849	132	washington
3329	3584	363	wisconsin
3330	3676	467	wisconsin
3331	3266	452	wisconsin
3332	959	3372	wisconsin
3333	3421	3889	wisconsin
3334	3665	3671	wisconsin
3335	2383	430	washington
3336	232	1001	wisconsin
3337	3675	3918	wisconsin
3338	363	891	wisconsin
3339	3600	460	wisconsin
3340	758	2322	washington
3341	793	341	washington
3342	2320	768	washington
3343	831	781	washington
3344	2335	134	washington
3345	2320	793	washington
3346	388	469	cornell
3347	840	809	washington
3348	2320	779	washington
3349	3654	3907	wisconsin
3350	610	1639	texas
3351	667	2026	texas
3352	500	33	cornell
3353	1101	1106	cornell
3354	3668	3918	wisconsin
3355	3138	3971	wisconsin
3356	578	1508	cornell
3357	3575	1008	wisconsin
3358	1295	525	cornell
3359	2917	2428	washington
3360	3417	155	wisconsin
3361	542	405	cornell
3362	3177	3366	wisconsin
3363	3919	3675	wisconsin
3364	3576	205	wisconsin
3365	1002	357	wisconsin
3366	981	948	wisconsin
3367	775	341	washington
3368	3575	952	wisconsin
3369	2356	834	washington
3370	222	3470	wisconsin
3371	1334	561	cornell
3372	3510	3907	wisconsin
3373	3926	3925	wisconsin
3374	341	121	washington
3375	3675	3907	wisconsin
3376	2335	125	washington
3377	171	3372	wisconsin
3378	3669	3919	wisconsin
3379	385	3664	wisconsin
3380	204	350	wisconsin
3381	791	2980	washington
3382	3417	186	wisconsin
3383	3197	943	wisconsin
3384	1180	267	cornell
3385	2320	829	washington
3386	3670	3674	wisconsin
3387	1295	558	cornell
3388	914	3166	wisconsin
3389	2320	806	washington
3390	199	163	wisconsin
3391	3575	868	wisconsin
3392	3957	3669	wisconsin
3393	3643	459	wisconsin
3394	571	34	cornell
3395	769	424	washington
3396	193	3409	wisconsin
3397	207	384	wisconsin
3398	2320	787	washington
3399	1412	243	cornell
3400	3576	226	wisconsin
3401	3340	375	wisconsin
3402	840	2294	washington
3403	1295	486	cornell
3404	2660	2711	washington
3405	429	827	washington
3406	660	1639	texas
3407	1334	1213	cornell
3408	1295	548	cornell
3409	857	3266	wisconsin
3410	3576	232	wisconsin
3411	2072	1680	texas
3412	3343	3409	wisconsin
3413	3575	1009	wisconsin
3414	2320	783	washington
3415	57	1639	texas
3416	535	1236	cornell
3417	2027	689	texas
3418	3957	3920	wisconsin
3419	2335	115	washington
3420	357	3381	wisconsin
3421	895	371	wisconsin
3422	3669	3675	wisconsin
3423	2981	2355	washington
3424	511	32	cornell
3425	2360	2355	washington
3426	2913	2916	washington
3427	3907	456	wisconsin
3428	3808	234	wisconsin
3429	3575	955	wisconsin
3430	769	2294	washington
3431	262	9	cornell
3432	2027	704	texas
3433	3575	876	wisconsin
3434	3197	901	wisconsin
3435	740	438	washington
3436	1295	473	cornell
3437	3669	3671	wisconsin
3438	1387	403	cornell
3439	3372	370	wisconsin
3440	3488	895	wisconsin
3441	3249	457	wisconsin
3442	1295	583	cornell
3443	3575	976	wisconsin
3444	742	2294	washington
3445	3346	446	wisconsin
3446	1526	1325	cornell
3447	1295	501	cornell
3448	3343	199	wisconsin
3449	516	257	cornell
3450	453	377	wisconsin
3451	957	3659	wisconsin
3452	1295	500	cornell
3453	916	351	wisconsin
3454	828	2428	washington
3455	1938	1862	texas
3456	450	3488	wisconsin
3457	3372	860	wisconsin
3458	1295	524	cornell
3459	197	913	wisconsin
3460	2682	829	washington
3461	2027	684	texas
3462	1295	586	cornell
3463	285	80	texas
3464	1250	513	cornell
3465	442	439	washington
3466	932	369	wisconsin
3467	1658	604	texas
3468	704	2035	texas
3469	3482	226	wisconsin
3470	102	96	washington
3471	3584	351	wisconsin
3472	1108	473	cornell
3473	861	3643	wisconsin
3474	894	3605	wisconsin
3475	3507	861	wisconsin
3476	2027	650	texas
3477	2027	714	texas
3478	197	1000	wisconsin
3479	352	462	wisconsin
3480	3580	161	wisconsin
3481	61	293	texas
3482	2027	651	texas
3483	3575	940	wisconsin
3484	1606	263	cornell
3485	2027	632	texas
3486	3664	3907	wisconsin
